(0.942025, 6.14946, 56.957)
(0.956266, 6.14072, 56.9577)
(0.972093, 6.13818, 56.9577)
(0.990933, 6.13029, 56.9583)
(1.01472, 6.14189, 56.9566)
(1.02555, 6.19978, 56.9501)
(1.03385, 6.2804, 56.9412)
(1.02718, 6.39902, 56.9281)
(1.03393, 6.5098, 56.9154)
(1.03619, 6.5815, 56.9071)
(1.04256, 6.60442, 56.9043)
(1.04507, 6.61852, 56.9026)
(1.0336, 6.65822, 56.8982)
(1.02982, 6.66386, 56.8976)
(1.03124, 6.65892, 56.8982)
(1.02135, 6.66771, 56.8973)
(1.02024, 6.66165, 56.898)
(0.97214, 6.77755, 56.8852)
(0.951345, 6.81194, 56.8814)
(0.926069, 6.85996, 56.8761)
(0.911787, 6.90327, 56.8711)
(0.904511, 6.91206, 56.8701)
(0.890252, 6.93954, 56.867)
(0.868294, 6.99592, 56.8604)
(0.861435, 7.01241, 56.8585)
(0.869081, 6.99399, 56.8607)
(0.86524, 7.02007, 56.8575)
(0.867583, 7.00428, 56.8594)
(0.874378, 6.99253, 56.8608)
(0.866333, 7.02307, 56.8571)
(0.852338, 7.08354, 56.8498)
(0.856919, 7.1393, 56.8428)
(0.871518, 7.16994, 56.8387)
(0.886946, 7.17651, 56.8376)
(0.909309, 7.18065, 56.8368)
(0.933234, 7.19188, 56.835)
(0.955327, 7.1961, 56.8341)
(0.991573, 7.16232, 56.8377)
(1.02969, 7.11873, 56.8425)
(1.05082, 7.10416, 56.8439)
(1.07522, 7.09115, 56.8451)
(1.10373, 7.08199, 56.8457)
(1.13246, 7.07597, 56.8459)
(1.15946, 7.07015, 56.8461)
(1.17758, 7.0857, 56.8438)
(1.19382, 7.11751, 56.8394)
(1.21434, 7.1323, 56.8372)
(1.23163, 7.15697, 56.8337)
(1.23905, 7.21415, 56.8263)
(1.25447, 7.24008, 56.8227)
(1.25397, 7.26794, 56.8191)
(1.25013, 7.31793, 56.8128)
(1.25831, 7.32676, 56.8115)
(1.25576, 7.35899, 56.8074)
(1.25851, 7.37623, 56.805)
(1.282, 7.39573, 56.802)
(1.28585, 7.39916, 56.8015)
(1.29268, 7.40122, 56.801)
(1.2952, 7.41574, 56.7991)
(1.30002, 7.42608, 56.7976)
(1.30407, 7.44365, 56.7952)
(1.30966, 7.46427, 56.7924)
(1.31516, 7.49171, 56.7887)
(1.32367, 7.51901, 56.7848)
(1.33723, 7.53705, 56.7821)
(1.35576, 7.5432, 56.7809)
(1.37775, 7.51111, 56.7846)
(1.3959, 7.52347, 56.7825)
(1.41166, 7.53047, 56.7812)
(1.42331, 7.54987, 56.7783)
(1.43689, 7.56463, 56.776)
(1.45178, 7.57524, 56.7742)
(1.46137, 7.56796, 56.775)
(1.47019, 7.53841, 56.7787)
(1.46493, 7.54912, 56.7774)
(1.45646, 7.55809, 56.7764)
(1.45257, 7.56669, 56.7754)
(1.4501, 7.56665, 56.7754)
(1.44441, 7.5657, 56.7757)
(1.4399, 7.53258, 56.7802)
(1.43982, 7.49528, 56.7852)
(1.44356, 7.45638, 56.7902)
(1.444, 7.42777, 56.7939)
(1.43801, 7.41616, 56.7956)
(1.44045, 7.41245, 56.796)
(1.44388, 7.40282, 56.7972)
(1.44199, 7.40118, 56.7974)
(1.44071, 7.40188, 56.7974)
(1.44182, 7.40217, 56.7973)
(1.44276, 7.40071, 56.7975)
(1.43772, 7.38182, 56.8001)
(1.43624, 7.39094, 56.7989)
(1.43858, 7.39183, 56.7987)
(1.44353, 7.40076, 56.7975)
(1.447, 7.40945, 56.7962)
(1.45132, 7.4273, 56.7938)
(1.44924, 7.45929, 56.7897)
(1.45269, 7.49011, 56.7855)
(1.45431, 7.51962, 56.7816)
(1.44034, 7.58699, 56.773)
(1.43735, 7.61114, 56.7698)
(1.43968, 7.628, 56.7675)
(1.42474, 7.67174, 56.762)
(1.40078, 7.76848, 56.7494)
(1.40178, 7.77331, 56.7487)
(1.40855, 7.7884, 56.7465)
(1.44195, 7.77477, 56.7475)
(1.48432, 7.76444, 56.7478)
(1.52504, 7.77322, 56.7455)
(1.60716, 7.74076, 56.7477)
(1.67384, 7.64976, 56.7581)
(1.70588, 7.58816, 56.7655)
(1.75311, 7.50515, 56.775)
(1.80732, 7.45469, 56.78)
(1.86052, 7.43402, 56.781)
(1.89233, 7.46117, 56.7764)
(1.91684, 7.49702, 56.7708)
(1.93627, 7.45821, 56.7753)
(1.94857, 7.43373, 56.7781)
(1.95273, 7.47649, 56.7723)
(1.99749, 7.49622, 56.7682)
(2.04853, 7.52568, 56.7624)
(2.06078, 7.62688, 56.7485)
(2.05773, 7.62716, 56.7486)
(1.96708, 7.56928, 56.7595)
(1.71216, 7.46394, 56.7817)
(1.28162, 7.35058, 56.8079)
(0.70857, 7.35274, 56.8176)
(0.122163, 7.39869, 56.8159)
(-0.458742, 7.48194, 56.8033)
(-1.02831, 7.55457, 56.7862)
(-1.54806, 7.61569, 56.7663)
(-2.01958, 7.66728, 56.7445)
(-2.51242, 7.7246, 56.7171)
(-3.07535, 7.77566, 56.6823)
(-3.6789, 7.54668, 56.6773)
(-4.35544, 7.10149, 56.6869)
(-5.11293, 6.75899, 56.6655)
(-6.03251, 6.52747, 56.6022)
(-7.02843, 6.20203, 56.5238)
(-8.05647, 6.20142, 56.3865)
(-9.12815, 6.49125, 56.1903)
(-10.0453, 6.94772, 55.9788)
(-10.9003, 7.28081, 55.7762)
(-11.8599, 7.75997, 55.5152)
(-12.6595, 8.51928, 55.2265)
(-13.3913, 9.16997, 54.949)
(-14.4627, 9.80314, 54.5668)
(-15.1199, 10.463, 54.2653)
(-16.6721, 9.90884, 53.9135)
(-18.4906, 9.60887, 53.372)
(-20.0039, 10.2874, 52.6955)
(-21.838, 10.9126, 51.8346)
(-23.6338, 10.9909, 51.024)
(-27.4986, 10.2468, 49.2101)
(-31.4201, 9.27211, 47.0065)
(-32.9068, 9.02457, 46.0272)
(-31.0576, 12.5598, 46.481)
(-31.4099, 13.1388, 46.0825)
(-32.2128, 15.3794, 44.8176)
(-27.7652, 18.3742, 46.6293)
(-25.3685, 20.2708, 47.2053)
(-22.5504, 21.1242, 48.2499)
(-25.6594, 15.9977, 48.667)
