(2.32493, 5.87427, 56.9464)
(2.3323, 5.86895, 56.9467)
(2.33826, 5.88313, 56.945)
(2.3462, 5.88678, 56.9443)
(2.34997, 5.92881, 56.9397)
(2.35233, 5.99493, 56.9327)
(2.36379, 6.03442, 56.9281)
(2.37384, 6.06614, 56.9243)
(2.38088, 6.09078, 56.9213)
(2.39207, 6.11305, 56.9185)
(2.40218, 6.11679, 56.9177)
(2.40581, 6.12283, 56.9169)
(2.41162, 6.11256, 56.9177)
(2.41384, 6.09876, 56.9191)
(2.40601, 6.08279, 56.9211)
(2.39297, 6.07095, 56.923)
(2.382, 6.06465, 56.9241)
(2.36694, 6.05966, 56.9253)
(2.34875, 6.07113, 56.9248)
(2.33558, 6.08004, 56.9244)
(2.32676, 6.07641, 56.9251)
(2.31241, 6.08903, 56.9244)
(2.29717, 6.11901, 56.9218)
(2.27924, 6.14818, 56.9193)
(2.2668, 6.1826, 56.9161)
(2.25985, 6.19985, 56.9145)
(2.2606, 6.21482, 56.9128)
(2.25852, 6.20915, 56.9135)
(2.26105, 6.20702, 56.9137)
(2.2523, 6.23543, 56.9109)
(2.25122, 6.26683, 56.9075)
(2.24995, 6.31748, 56.902)
(2.24589, 6.4087, 56.8919)
(2.25566, 6.46098, 56.8856)
(2.26253, 6.53122, 56.8773)
(2.26155, 6.60707, 56.8686)
(2.26972, 6.65218, 56.863)
(2.27988, 6.69037, 56.8581)
(2.29534, 6.70849, 56.8554)
(2.30933, 6.71243, 56.8543)
(2.3233, 6.72448, 56.8524)
(2.33836, 6.73636, 56.8503)
(2.35074, 6.75193, 56.848)
(2.35931, 6.76802, 56.8457)
(2.36792, 6.7931, 56.8424)
(2.37612, 6.80474, 56.8406)
(2.38282, 6.81481, 56.8391)
(2.38661, 6.83355, 56.8367)
(2.38841, 6.84415, 56.8354)
(2.39765, 6.84515, 56.8349)
(2.39713, 6.83728, 56.8358)
(2.40601, 6.82668, 56.8367)
(2.41675, 6.81709, 56.8374)
(2.42844, 6.81421, 56.8373)
(2.44246, 6.80563, 56.8377)
(2.47287, 6.80966, 56.8359)
(2.47643, 6.81297, 56.8354)
(2.48015, 6.82208, 56.8341)
(2.48069, 6.84063, 56.8318)
(2.48104, 6.85763, 56.8298)
(2.47884, 6.87476, 56.8278)
(2.47622, 6.90286, 56.8245)
(2.47595, 6.93353, 56.8208)
(2.47441, 6.96806, 56.8166)
(2.47071, 7.01013, 56.8116)
(2.46882, 7.04611, 56.8073)
(2.46917, 7.08241, 56.8027)
(2.47006, 7.11665, 56.7984)
(2.46786, 7.14145, 56.7954)
(2.46654, 7.16777, 56.7921)
(2.46422, 7.18672, 56.7898)
(2.45622, 7.20646, 56.7877)
(2.45149, 7.21983, 56.7862)
(2.44755, 7.22142, 56.7862)
(2.4416, 7.21378, 56.7874)
(2.44089, 7.21176, 56.7877)
(2.44471, 7.21477, 56.7871)
(2.44921, 7.20781, 56.7878)
(2.44666, 7.17734, 56.7918)
(2.4435, 7.16833, 56.7931)
(2.43844, 7.16328, 56.7939)
(2.43152, 7.16471, 56.794)
(2.42487, 7.16092, 56.7948)
(2.41985, 7.16365, 56.7947)
(2.41722, 7.15505, 56.7959)
(2.41448, 7.14629, 56.7971)
(2.41272, 7.15012, 56.7967)
(2.41049, 7.15143, 56.7966)
(2.40684, 7.15534, 56.7963)
(2.40378, 7.16106, 56.7957)
(2.39815, 7.16097, 56.7959)
(2.39655, 7.16975, 56.7949)
(2.39382, 7.17709, 56.7941)
(2.3921, 7.17556, 56.7943)
(2.39414, 7.16902, 56.7951)
(2.40155, 7.1644, 56.7953)
(2.40459, 7.16582, 56.795)
(2.40776, 7.17911, 56.7932)
(2.40808, 7.19403, 56.7913)
(2.41295, 7.20122, 56.7902)
(2.4153, 7.2075, 56.7893)
(2.42031, 7.21306, 56.7884)
(2.41667, 7.22222, 56.7874)
(2.42007, 7.2248, 56.7869)
(2.42354, 7.23007, 56.7861)
(2.43738, 7.23333, 56.7851)
(2.46603, 7.23307, 56.7839)
(2.50302, 7.22899, 56.7828)
(2.5446, 7.23061, 56.7807)
(2.61495, 7.20748, 56.7805)
(2.67875, 7.12012, 56.7885)
(2.70783, 7.08813, 56.7911)
(2.76571, 6.98296, 56.8014)
(2.81971, 6.9302, 56.8052)
(2.88048, 6.89736, 56.8061)
(2.92976, 6.89245, 56.8042)
(2.96488, 6.87015, 56.8051)
(2.98809, 6.79589, 56.8128)
(2.99863, 6.7882, 56.8132)
(2.99498, 6.80115, 56.8118)
(3.02608, 6.79317, 56.8111)
(3.06396, 6.78194, 56.8104)
(3.08325, 6.7862, 56.8089)
(3.06935, 6.76367, 56.8123)
(2.96836, 6.6958, 56.8257)
(2.70706, 6.54891, 56.8559)
(2.28585, 6.34891, 56.897)
(1.73078, 6.24153, 56.9285)
(1.16006, 6.20593, 56.9469)
(0.59747, 6.21872, 56.9542)
(0.0545852, 6.19502, 56.9599)
(-0.476307, 6.22795, 56.9543)
(-0.97883, 6.21314, 56.9495)
(-1.50409, 6.15711, 56.9441)
(-2.10837, 6.04797, 56.9367)
(-2.76526, 5.79996, 56.9343)
(-3.54251, 5.61401, 56.9099)
(-4.38578, 5.49611, 56.8627)
(-5.37, 5.40377, 56.787)
(-6.42613, 5.24759, 56.6919)
(-7.56535, 5.14206, 56.5609)
(-8.77039, 5.39336, 56.3631)
(-9.83689, 5.71726, 56.1547)
(-10.901, 5.81007, 55.9484)
(-12.097, 6.11216, 55.6697)
(-13.3207, 6.30655, 55.3678)
(-14.3546, 6.55756, 55.0795)
(-15.5643, 7.00698, 54.6943)
(-16.1011, 7.9282, 54.4124)
(-17.6214, 7.61458, 53.9843)
(-19.4243, 7.37685, 53.3956)
(-21.1203, 7.8225, 52.6835)
(-23.0267, 8.50179, 51.7716)
(-24.5204, 8.70761, 51.0464)
(-28.13, 8.07404, 49.2577)
(-32.0735, 7.44982, 46.8892)
(-33.5647, 7.43749, 45.8356)
(-31.7895, 11.137, 46.3487)
(-32.0815, 10.9757, 46.1857)
(-32.6126, 12.3272, 45.4671)
(-27.8457, 14.8458, 47.8229)
(-25.3198, 16.4953, 48.6788)
(-22.4592, 17.1738, 49.8342)
(-25.5198, 11.7897, 49.9254)
