(-0.353498, 13.0208, 55.7955)
(-0.342626, 13.0057, 55.7991)
(-0.330194, 13.0014, 55.8002)
(-0.321466, 13.0021, 55.8001)
(-0.321887, 13.0534, 55.7881)
(-0.311563, 13.0965, 55.7781)
(-0.301391, 13.1394, 55.768)
(-0.287214, 13.1606, 55.7631)
(-0.273003, 13.1672, 55.7616)
(-0.276021, 13.2277, 55.7473)
(-0.281022, 13.2722, 55.7367)
(-0.295651, 13.3281, 55.7233)
(-0.29728, 13.3406, 55.7203)
(-0.303371, 13.3531, 55.7172)
(-0.326844, 13.3839, 55.7097)
(-0.350699, 13.4032, 55.7049)
(-0.367091, 13.4169, 55.7015)
(-0.397128, 13.4508, 55.6931)
(-0.427467, 13.494, 55.6825)
(-0.436543, 13.4939, 55.6824)
(-0.455205, 13.5204, 55.6758)
(-0.480289, 13.5649, 55.6648)
(-0.494064, 13.5936, 55.6577)
(-0.510283, 13.6199, 55.6511)
(-0.520978, 13.6503, 55.6436)
(-0.521439, 13.6519, 55.6431)
(-0.513622, 13.6487, 55.644)
(-0.513773, 13.6341, 55.6476)
(-0.506196, 13.6179, 55.6516)
(-0.503235, 13.605, 55.6548)
(-0.487116, 13.5805, 55.6609)
(-0.476882, 13.5892, 55.6589)
(-0.476664, 13.6563, 55.6425)
(-0.461363, 13.6852, 55.6355)
(-0.43345, 13.6915, 55.6342)
(-0.417339, 13.7097, 55.6298)
(-0.397986, 13.7169, 55.6282)
(-0.378736, 13.7215, 55.6272)
(-0.356438, 13.7152, 55.6289)
(-0.338272, 13.7024, 55.6321)
(-0.32163, 13.703, 55.6321)
(-0.305037, 13.7078, 55.631)
(-0.291267, 13.7171, 55.6288)
(-0.281441, 13.726, 55.6267)
(-0.280387, 13.7684, 55.6162)
(-0.284021, 13.8091, 55.6061)
(-0.282684, 13.8317, 55.6005)
(-0.283291, 13.8605, 55.5933)
(-0.286936, 13.8866, 55.5868)
(-0.282578, 13.9008, 55.5832)
(-0.288002, 13.9005, 55.5833)
(-0.279885, 13.8878, 55.5865)
(-0.271669, 13.8813, 55.5882)
(-0.262512, 13.8802, 55.5885)
(-0.253096, 13.88, 55.5886)
(-0.225608, 13.8869, 55.587)
(-0.221113, 13.8848, 55.5875)
(-0.218078, 13.8901, 55.5862)
(-0.216679, 13.902, 55.5832)
(-0.216137, 13.9176, 55.5793)
(-0.225503, 13.9521, 55.5706)
(-0.223745, 13.9696, 55.5662)
(-0.223717, 14.0025, 55.558)
(-0.221671, 14.0309, 55.5508)
(-0.218635, 14.0601, 55.5434)
(-0.212625, 14.0805, 55.5383)
(-0.207246, 14.1083, 55.5313)
(-0.19542, 14.1198, 55.5284)
(-0.191494, 14.1311, 55.5255)
(-0.188198, 14.1484, 55.5211)
(-0.186109, 14.1596, 55.5183)
(-0.180696, 14.147, 55.5215)
(-0.173745, 14.1301, 55.5258)
(-0.173239, 14.1178, 55.5289)
(-0.174849, 14.0962, 55.5344)
(-0.170315, 14.0766, 55.5394)
(-0.170369, 14.0843, 55.5375)
(-0.175014, 14.0959, 55.5345)
(-0.170747, 14.0447, 55.5475)
(-0.165763, 14.0109, 55.556)
(-0.169204, 13.9969, 55.5596)
(-0.166979, 13.9702, 55.5663)
(-0.165341, 13.9412, 55.5736)
(-0.166242, 13.9289, 55.5767)
(-0.171277, 13.9232, 55.5781)
(-0.180143, 13.9277, 55.5769)
(-0.183884, 13.9333, 55.5755)
(-0.191206, 13.945, 55.5725)
(-0.202989, 13.9673, 55.5669)
(-0.21474, 13.9931, 55.5604)
(-0.227013, 14.0085, 55.5564)
(-0.229283, 14.0171, 55.5542)
(-0.236888, 14.0352, 55.5497)
(-0.255237, 14.0744, 55.5396)
(-0.268217, 14.1045, 55.5319)
(-0.267747, 14.1143, 55.5295)
(-0.269726, 14.1253, 55.5267)
(-0.267773, 14.1395, 55.5231)
(-0.278165, 14.1809, 55.5124)
(-0.274574, 14.1907, 55.51)
(-0.274079, 14.2008, 55.5074)
(-0.267472, 14.2008, 55.5074)
(-0.271712, 14.2088, 55.5053)
(-0.268353, 14.2088, 55.5053)
(-0.264801, 14.2059, 55.5061)
(-0.246305, 14.1949, 55.509)
(-0.213371, 14.1731, 55.5147)
(-0.175754, 14.1591, 55.5184)
(-0.130689, 14.1487, 55.5212)
(-0.0569935, 14.1182, 55.5291)
(0.00793506, 14.0282, 55.5519)
(0.0258371, 14.004, 55.558)
(0.0833298, 13.8995, 55.5842)
(0.140974, 13.8536, 55.5956)
(0.208615, 13.8316, 55.6008)
(0.260713, 13.8493, 55.5962)
(0.302084, 13.832, 55.6003)
(0.331789, 13.7452, 55.6216)
(0.359174, 13.7107, 55.63)
(0.346737, 13.7572, 55.6186)
(0.382045, 13.7705, 55.615)
(0.430664, 13.7884, 55.6102)
(0.459779, 13.8482, 55.5952)
(0.487586, 13.8151, 55.6032)
(0.401207, 13.7505, 55.6199)
(0.124635, 13.6415, 55.648)
(-0.326749, 13.4393, 55.6964)
(-0.915021, 13.3478, 55.7118)
(-1.50598, 13.3145, 55.7069)
(-2.0873, 13.3132, 55.6885)
(-2.62505, 13.2549, 55.6797)
(-3.14689, 13.2559, 55.6523)
(-3.61005, 13.2136, 55.6343)
(-4.04081, 13.026, 55.6489)
(-4.55194, 12.7747, 55.6677)
(-5.10882, 12.4046, 55.7031)
(-5.78621, 12.0451, 55.7157)
(-6.55341, 11.805, 55.6821)
(-7.4946, 11.6576, 55.5944)
(-8.48473, 11.3316, 55.5195)
(-9.53195, 11.0225, 55.4117)
(-10.568, 10.8695, 55.2537)
(-11.4713, 10.8091, 55.0852)
(-12.409, 10.6559, 54.9115)
(-13.489, 10.7046, 54.6467)
(-14.6527, 10.9365, 54.3001)
(-15.6223, 11.1028, 53.9952)
(-16.7387, 11.4669, 53.5829)
(-17.2191, 12.4189, 53.2173)
(-18.6626, 12.1045, 52.8015)
(-20.4069, 11.8859, 52.2024)
(-22.0696, 12.3646, 51.4087)
(-23.9593, 13.2382, 50.334)
(-25.5878, 14.0112, 49.3129)
(-29.2547, 13.8986, 47.2631)
(-33.1907, 13.5591, 44.6916)
(-34.9432, 13.6191, 43.3163)
(-33.2674, 17.2478, 43.3429)
(-33.6974, 17.0536, 43.0868)
(-34.2942, 18.3249, 42.0823)
(-30.0378, 20.6078, 44.225)
(-27.6741, 22.1771, 45.0014)
(-24.893, 22.9014, 46.2458)
(-27.9274, 17.787, 46.7599)
