(13.1279, 2.76473, 55.703)
(13.1363, 2.7548, 55.7015)
(13.1457, 2.7425, 55.6999)
(13.1556, 2.73272, 55.698)
(13.166, 2.72813, 55.6958)
(13.1782, 2.72503, 55.6931)
(13.1909, 2.7217, 55.6902)
(13.2026, 2.71865, 55.6876)
(13.2144, 2.71809, 55.6848)
(13.2271, 2.71597, 55.6819)
(13.2396, 2.71211, 55.6791)
(13.251, 2.70595, 55.6767)
(13.2626, 2.6909, 55.6747)
(13.2706, 2.67481, 55.6735)
(13.2758, 2.65827, 55.6731)
(13.2781, 2.63931, 55.6735)
(13.2817, 2.61671, 55.6737)
(13.2808, 2.6053, 55.6744)
(13.2808, 2.59417, 55.6749)
(13.2825, 2.58088, 55.6751)
(13.2855, 2.56202, 55.6753)
(13.288, 2.54223, 55.6756)
(13.2906, 2.52104, 55.6759)
(13.2933, 2.50442, 55.6761)
(13.2973, 2.48932, 55.6758)
(13.3049, 2.47098, 55.6748)
(13.314, 2.45535, 55.6733)
(13.319, 2.4372, 55.6729)
(13.3263, 2.42005, 55.6719)
(13.3314, 2.41773, 55.6708)
(13.3388, 2.4156, 55.6691)
(13.3455, 2.41769, 55.6674)
(13.3506, 2.41982, 55.6661)
(13.3581, 2.4237, 55.6641)
(13.366, 2.43063, 55.6619)
(13.3722, 2.43834, 55.6601)
(13.3838, 2.44123, 55.6572)
(13.3986, 2.44377, 55.6535)
(13.4158, 2.43903, 55.6496)
(13.4315, 2.43531, 55.6459)
(13.4485, 2.4336, 55.6419)
(13.4648, 2.43457, 55.6379)
(13.4807, 2.43593, 55.634)
(13.493, 2.44297, 55.6307)
(13.5067, 2.44827, 55.6272)
(13.5183, 2.45372, 55.6241)
(13.5285, 2.45855, 55.6214)
(13.5379, 2.46403, 55.6189)
(13.547, 2.46628, 55.6166)
(13.5584, 2.46604, 55.6138)
(13.5646, 2.45493, 55.6128)
(13.5769, 2.44613, 55.6102)
(13.5904, 2.43994, 55.6071)
(13.6062, 2.4404, 55.6033)
(13.6232, 2.44047, 55.5991)
(13.6566, 2.44866, 55.5905)
(13.6626, 2.45363, 55.5888)
(13.6709, 2.46575, 55.5863)
(13.6769, 2.48359, 55.584)
(13.6841, 2.49759, 55.5816)
(13.69, 2.51445, 55.5794)
(13.6962, 2.53501, 55.5769)
(13.7034, 2.5562, 55.5742)
(13.7111, 2.57884, 55.5712)
(13.7233, 2.599, 55.5673)
(13.7377, 2.61804, 55.5628)
(13.7519, 2.63536, 55.5585)
(13.7662, 2.65058, 55.5542)
(13.7774, 2.66817, 55.5506)
(13.7879, 2.68598, 55.5472)
(13.7993, 2.70264, 55.5435)
(13.8129, 2.71879, 55.5393)
(13.825, 2.72863, 55.5359)
(13.8362, 2.74027, 55.5325)
(13.8455, 2.74831, 55.5298)
(13.8572, 2.75494, 55.5265)
(13.8679, 2.76548, 55.5233)
(13.8791, 2.77641, 55.52)
(13.8893, 2.78726, 55.5169)
(13.8984, 2.79898, 55.514)
(13.9059, 2.8125, 55.5115)
(13.9142, 2.82521, 55.5087)
(13.9224, 2.83582, 55.5061)
(13.9289, 2.84619, 55.504)
(13.9357, 2.85671, 55.5017)
(13.9416, 2.86731, 55.4997)
(13.9475, 2.87789, 55.4977)
(13.9524, 2.88882, 55.4959)
(13.9575, 2.89966, 55.494)
(13.9632, 2.90983, 55.4921)
(13.969, 2.9184, 55.4902)
(13.9761, 2.92638, 55.4879)
(13.9845, 2.93338, 55.4855)
(13.9944, 2.94069, 55.4826)
(14.0057, 2.94791, 55.4793)
(14.023, 2.95405, 55.4746)
(14.039, 2.96077, 55.4702)
(14.0547, 2.9684, 55.4658)
(14.0677, 2.97626, 55.4621)
(14.0786, 2.9836, 55.459)
(14.0873, 2.98961, 55.4564)
(14.0946, 2.99529, 55.4543)
(14.0967, 2.99795, 55.4536)
(14.1014, 3.00026, 55.4523)
(14.1117, 2.99391, 55.45)
(14.1333, 2.97444, 55.4456)
(14.1699, 2.96668, 55.4366)
(14.2096, 2.96377, 55.4266)
(14.2521, 2.96351, 55.4157)
(14.3235, 2.93318, 55.3989)
(14.3864, 2.84385, 55.3873)
(14.425, 2.78658, 55.3801)
(14.4816, 2.68312, 55.3705)
(14.5326, 2.61488, 55.3604)
(14.5902, 2.54172, 55.3487)
(14.6375, 2.47979, 55.339)
(14.6668, 2.44383, 55.3328)
(14.6907, 2.3563, 55.3302)
(14.7047, 2.28888, 55.3294)
(14.7069, 2.25812, 55.3301)
(14.7348, 2.19894, 55.325)
(14.7651, 2.1277, 55.3197)
(14.7731, 2.05682, 55.3203)
(14.7581, 1.93283, 55.3287)
(14.6614, 1.83723, 55.3577)
(14.4289, 1.68958, 55.4234)
(14.0507, 1.54821, 55.5246)
(13.5418, 1.48311, 55.6527)
(13.0136, 1.47948, 55.7787)
(12.4952, 1.54586, 55.8953)
(11.9818, 1.54121, 56.0078)
(11.48, 1.592, 56.1113)
(10.9937, 1.57226, 56.2092)
(10.4867, 1.4746, 56.3086)
(9.91137, 1.36582, 56.4155)
(9.27101, 1.09362, 56.5302)
(8.54044, 0.950411, 56.6477)
(7.76339, 0.895883, 56.7603)
(6.83997, 0.918969, 56.8786)
(5.85572, 0.909659, 56.9885)
(4.82121, 0.972332, 57.0843)
(3.75439, 1.39458, 57.1556)
(2.82619, 1.87946, 57.1952)
(1.9162, 2.20875, 57.2211)
(0.935474, 2.78254, 57.2205)
(0.0743857, 3.50171, 57.1886)
(-0.680064, 4.18788, 57.1385)
(-1.77317, 4.81635, 57.0654)
(-2.31841, 5.68523, 56.9659)
(-3.92548, 5.24166, 56.9203)
(-5.84827, 4.93756, 56.7823)
(-7.68271, 5.42079, 56.519)
(-9.8827, 6.07517, 56.1091)
(-12.032, 6.21979, 55.6718)
(-16.4421, 5.50647, 54.609)
(-21.0678, 4.9278, 53.0535)
(-22.7936, 5.51, 52.2771)
(-20.9108, 9.55678, 52.4806)
(-21.3939, 10.489, 52.1065)
(-22.3974, 13.1462, 51.0719)
(-17.4141, 16.7788, 51.9426)
(-14.862, 18.8086, 52.04)
(-11.914, 19.4959, 52.543)
(-15.2805, 14.2311, 53.3553)
