(0.345575, 1.50653, 57.2749)
(0.358613, 1.49531, 57.2751)
(0.369821, 1.48386, 57.2754)
(0.381883, 1.4783, 57.2754)
(0.396334, 1.49997, 57.2748)
(0.416059, 1.52726, 57.2739)
(0.431217, 1.58457, 57.2722)
(0.442269, 1.63138, 57.2708)
(0.438712, 1.71858, 57.2683)
(0.433405, 1.80422, 57.2657)
(0.43106, 1.86835, 57.2637)
(0.43161, 1.89357, 57.2629)
(0.434549, 1.90856, 57.2623)
(0.422387, 1.93374, 57.2616)
(0.408575, 1.97027, 57.2604)
(0.389535, 2.03746, 57.2582)
(0.37579, 2.08974, 57.2564)
(0.370977, 2.11048, 57.2557)
(0.35758, 2.19449, 57.2526)
(0.350388, 2.25607, 57.2503)
(0.349928, 2.29179, 57.2489)
(0.340504, 2.34354, 57.2468)
(0.335286, 2.36225, 57.2461)
(0.33771, 2.35781, 57.2462)
(0.329115, 2.3807, 57.2454)
(0.324246, 2.40682, 57.2443)
(0.332077, 2.43424, 57.2431)
(0.333379, 2.46108, 57.2419)
(0.332089, 2.46283, 57.2419)
(0.333525, 2.46601, 57.2417)
(0.322439, 2.51215, 57.2398)
(0.318434, 2.55829, 57.2378)
(0.320139, 2.58692, 57.2365)
(0.334299, 2.60613, 57.2355)
(0.349468, 2.63077, 57.2343)
(0.369821, 2.63324, 57.234)
(0.39492, 2.64796, 57.2332)
(0.420244, 2.65918, 57.2325)
(0.445792, 2.65684, 57.2324)
(0.476882, 2.64562, 57.2327)
(0.50151, 2.64656, 57.2324)
(0.52156, 2.64778, 57.2322)
(0.541588, 2.65087, 57.2319)
(0.558204, 2.68162, 57.2303)
(0.576224, 2.69513, 57.2295)
(0.592066, 2.70756, 57.2287)
(0.603062, 2.712, 57.2284)
(0.612902, 2.72542, 57.2276)
(0.617704, 2.75823, 57.226)
(0.627824, 2.76891, 57.2254)
(0.629451, 2.76078, 57.2258)
(0.635678, 2.75473, 57.226)
(0.641255, 2.7554, 57.2259)
(0.649715, 2.76711, 57.2252)
(0.657568, 2.77726, 57.2247)
(0.668598, 2.82514, 57.2222)
(0.666275, 2.84031, 57.2215)
(0.653843, 2.87473, 57.2199)
(0.651644, 2.90453, 57.2184)
(0.647426, 2.93766, 57.2168)
(0.645395, 2.97621, 57.2148)
(0.640447, 3.02432, 57.2123)
(0.64673, 3.05161, 57.2108)
(0.650253, 3.08073, 57.2092)
(0.661193, 3.10874, 57.2076)
(0.67533, 3.13172, 57.2061)
(0.688928, 3.15465, 57.2047)
(0.706577, 3.17888, 57.2032)
(0.718886, 3.20541, 57.2015)
(0.731732, 3.22812, 57.2001)
(0.743087, 3.25114, 57.1986)
(0.753892, 3.27318, 57.1972)
(0.76234, 3.28453, 57.1965)
(0.769016, 3.29638, 57.1957)
(0.77319, 3.3032, 57.1953)
(0.776163, 3.30598, 57.1951)
(0.773426, 3.31267, 57.1947)
(0.757886, 3.31963, 57.1945)
(0.74955, 3.31146, 57.1951)
(0.736355, 3.31231, 57.1952)
(0.731452, 3.30311, 57.1958)
(0.737612, 3.28691, 57.1967)
(0.742077, 3.28346, 57.1968)
(0.738094, 3.28319, 57.1969)
(0.739306, 3.28126, 57.197)
(0.738262, 3.27609, 57.1973)
(0.735244, 3.28153, 57.197)
(0.730846, 3.28924, 57.1966)
(0.725932, 3.29755, 57.1962)
(0.725113, 3.30437, 57.1958)
(0.726235, 3.30931, 57.1955)
(0.729668, 3.312, 57.1953)
(0.736938, 3.31676, 57.195)
(0.747081, 3.32286, 57.1945)
(0.757572, 3.32896, 57.194)
(0.775199, 3.33341, 57.1935)
(0.782682, 3.35333, 57.1922)
(0.785902, 3.38659, 57.1902)
(0.793375, 3.41531, 57.1884)
(0.798682, 3.44278, 57.1867)
(0.805986, 3.46437, 57.1853)
(0.810216, 3.49838, 57.1831)
(0.813279, 3.53052, 57.1811)
(0.81467, 3.55861, 57.1794)
(0.816948, 3.61651, 57.1757)
(0.839265, 3.62338, 57.1749)
(0.877525, 3.6714, 57.1713)
(0.929103, 3.68832, 57.1694)
(0.98049, 3.69783, 57.1679)
(1.05987, 3.69262, 57.1668)
(1.1289, 3.61193, 57.1707)
(1.17159, 3.54035, 57.1743)
(1.22998, 3.43847, 57.1793)
(1.28087, 3.38596, 57.1813)
(1.34094, 3.34216, 57.1825)
(1.38432, 3.33866, 57.1817)
(1.41009, 3.35813, 57.1799)
(1.43058, 3.38129, 57.178)
(1.44447, 3.38654, 57.1774)
(1.45747, 3.41769, 57.1752)
(1.49171, 3.42294, 57.174)
(1.51429, 3.47666, 57.1702)
(1.5073, 3.55215, 57.1657)
(1.46221, 3.61202, 57.1631)
(1.32465, 3.63208, 57.1652)
(1.05159, 3.50983, 57.1785)
(0.614495, 3.33179, 57.1955)
(0.0370259, 3.24459, 57.2038)
(-0.592364, 3.26371, 57.1997)
(-1.23493, 3.34952, 57.1845)
(-1.84191, 3.35849, 57.1676)
(-2.45472, 3.41284, 57.1413)
(-3.06542, 3.41567, 57.1117)
(-3.69349, 3.33062, 57.0795)
(-4.46098, 3.22659, 57.0307)
(-5.28378, 2.97845, 56.9738)
(-6.22293, 2.65262, 56.895)
(-7.17471, 2.2904, 56.7986)
(-8.27437, 2.0283, 56.6589)
(-9.40375, 1.75723, 56.4915)
(-10.5496, 1.59745, 56.2935)
(-11.7627, 1.88316, 56.0437)
(-12.8261, 2.25014, 55.7964)
(-13.8646, 2.5108, 55.5363)
(-14.9629, 3.02975, 55.2244)
(-15.943, 3.78696, 54.9025)
(-16.7751, 4.49243, 54.6006)
(-17.9106, 5.20723, 54.1747)
(-18.4846, 6.12691, 53.8849)
(-20.0651, 5.77662, 53.3557)
(-21.9116, 5.54679, 52.649)
(-23.595, 6.02956, 51.8626)
(-25.5265, 6.755, 50.8485)
(-27.1599, 6.74396, 49.9967)
(-30.5609, 6.6398, 48.0079)
(-33.221, 7.10399, 46.1379)
(-32.2917, 8.63717, 46.5344)
(-28.7533, 12.9996, 47.8233)
(-28.2166, 14.5047, 47.71)
(-28.6664, 17.5028, 46.4187)
(-23.9183, 21.0555, 47.6171)
(-21.3472, 23.2135, 47.8355)
(-18.3671, 24.1732, 48.5913)
(-21.5355, 19.241, 49.4855)
