(-13.9017, -2.55868, 55.5248)
(-13.8637, -2.53119, 55.5356)
(-13.8249, -2.50392, 55.5464)
(-13.7887, -2.48343, 55.5564)
(-13.7656, -2.47166, 55.5626)
(-13.7329, -2.45253, 55.5716)
(-13.688, -2.41026, 55.5845)
(-13.6299, -2.35416, 55.6012)
(-13.5665, -2.29814, 55.619)
(-13.4369, -2.18803, 55.6549)
(-13.3408, -2.13268, 55.6802)
(-13.2404, -2.07102, 55.7065)
(-13.183, -2.04259, 55.7211)
(-13.1372, -2.02143, 55.7327)
(-13.0694, -1.97815, 55.7502)
(-12.9816, -1.94337, 55.7719)
(-12.9198, -1.90849, 55.7875)
(-12.8859, -1.91129, 55.7952)
(-12.8461, -1.91402, 55.8043)
(-12.804, -1.91711, 55.8139)
(-12.7502, -1.90306, 55.8267)
(-12.7092, -1.89268, 55.8364)
(-12.6726, -1.87332, 55.8453)
(-12.6399, -1.85774, 55.8533)
(-12.6098, -1.84227, 55.8606)
(-12.5888, -1.83115, 55.8657)
(-12.558, -1.80368, 55.8735)
(-12.5366, -1.79477, 55.8786)
(-12.4895, -1.73615, 55.891)
(-12.4596, -1.71916, 55.8982)
(-12.4209, -1.68953, 55.9077)
(-12.3845, -1.66437, 55.9165)
(-12.3418, -1.63677, 55.9268)
(-12.287, -1.59787, 55.94)
(-12.2516, -1.56873, 55.9486)
(-12.2217, -1.55215, 55.9556)
(-12.1956, -1.53871, 55.9616)
(-12.1761, -1.54092, 55.9658)
(-12.1576, -1.54566, 55.9697)
(-12.1359, -1.53866, 55.9746)
(-12.118, -1.53588, 55.9786)
(-12.1065, -1.53245, 55.9812)
(-12.0941, -1.52738, 55.984)
(-12.1, -1.53459, 55.9825)
(-12.0915, -1.52633, 55.9846)
(-12.0876, -1.52275, 55.9855)
(-12.0784, -1.52149, 55.9875)
(-12.071, -1.51855, 55.9892)
(-12.061, -1.50267, 55.9918)
(-12.0463, -1.48259, 55.9955)
(-12.0356, -1.47242, 55.9981)
(-12.015, -1.44837, 56.0031)
(-11.9977, -1.43027, 56.0073)
(-11.977, -1.41302, 56.0121)
(-11.9599, -1.40834, 56.0159)
(-11.9243, -1.39384, 56.0239)
(-11.9168, -1.38967, 56.0256)
(-11.9073, -1.38254, 56.0278)
(-11.8996, -1.36856, 56.0298)
(-11.887, -1.34601, 56.033)
(-11.8779, -1.32338, 56.0354)
(-11.8685, -1.29228, 56.0382)
(-11.8591, -1.2578, 56.0409)
(-11.8485, -1.22416, 56.0439)
(-11.8311, -1.18822, 56.0484)
(-11.8118, -1.15616, 56.0531)
(-11.7901, -1.12295, 56.0584)
(-11.757, -1.07504, 56.0662)
(-11.722, -1.03004, 56.0744)
(-11.6919, -0.989772, 56.0814)
(-11.6574, -0.947112, 56.0893)
(-11.6344, -0.919179, 56.0946)
(-11.612, -0.899406, 56.0995)
(-11.5908, -0.88468, 56.1042)
(-11.5761, -0.877266, 56.1073)
(-11.5555, -0.868796, 56.1117)
(-11.5301, -0.856901, 56.1171)
(-11.5036, -0.842742, 56.1228)
(-11.4813, -0.829612, 56.1275)
(-11.4593, -0.811899, 56.1323)
(-11.4353, -0.794109, 56.1374)
(-11.3845, -0.759662, 56.1482)
(-11.349, -0.738397, 56.1557)
(-11.3162, -0.716153, 56.1626)
(-11.2747, -0.685078, 56.1713)
(-11.2335, -0.655549, 56.1799)
(-11.1808, -0.613661, 56.1909)
(-11.108, -0.559957, 56.2059)
(-11.0317, -0.501593, 56.2215)
(-10.9794, -0.468021, 56.232)
(-10.9318, -0.435865, 56.2415)
(-10.9002, -0.42222, 56.2478)
(-10.8741, -0.411871, 56.2529)
(-10.8336, -0.390245, 56.2609)
(-10.8031, -0.378067, 56.2668)
(-10.769, -0.370138, 56.2734)
(-10.7434, -0.363238, 56.2784)
(-10.7135, -0.349902, 56.2841)
(-10.693, -0.339167, 56.2881)
(-10.6801, -0.33237, 56.2906)
(-10.6628, -0.329667, 56.2939)
(-10.6404, -0.330593, 56.2981)
(-10.6213, -0.325985, 56.3018)
(-10.6065, -0.323411, 56.3046)
(-10.5888, -0.336026, 56.3078)
(-10.5404, -0.331289, 56.3169)
(-10.4521, -0.299571, 56.3336)
(-10.3697, -0.265947, 56.349)
(-10.2871, -0.224729, 56.3643)
(-10.1743, -0.206579, 56.3848)
(-10.0829, -0.258121, 56.401)
(-10.041, -0.349207, 56.408)
(-9.97922, -0.458392, 56.4182)
(-9.93116, -0.507334, 56.4262)
(-9.87384, -0.53192, 56.4361)
(-9.833, -0.546981, 56.4431)
(-9.82119, -0.558979, 56.445)
(-9.83884, -0.65336, 56.4409)
(-9.8442, -0.688168, 56.4396)
(-9.85092, -0.707425, 56.4382)
(-9.83476, -0.728691, 56.4407)
(-9.81214, -0.729411, 56.4446)
(-9.81534, -0.703821, 56.4444)
(-9.84371, -0.714865, 56.4393)
(-9.95106, -0.782524, 56.4196)
(-10.1935, -0.974994, 56.3733)
(-10.5938, -1.30577, 56.2927)
(-11.1363, -1.56811, 56.1812)
(-11.6963, -1.74691, 56.062)
(-12.272, -1.93274, 55.9327)
(-12.8665, -2.13981, 55.7914)
(-13.4738, -2.30151, 55.6414)
(-14.035, -2.37929, 55.4992)
(-14.633, -2.4635, 55.3409)
(-15.277, -2.55675, 55.1623)
(-15.9581, -2.71501, 54.9616)
(-16.714, -2.79881, 54.7322)
(-17.5267, -2.83822, 54.4754)
(-18.4586, -2.85568, 54.1658)
(-19.4657, -3.01136, 53.8036)
(-20.5711, -3.112, 53.385)
(-21.6994, -2.80905, 52.9533)
(-22.817, -2.53502, 52.4954)
(-24.1793, -2.62173, 51.8777)
(-25.648, -2.60206, 51.1685)
(-27.0014, -2.21573, 50.4858)
(-28.0518, -1.81498, 49.926)
(-29.7271, -1.47589, 48.9584)
(-30.9185, -0.977157, 48.2276)
(-33.8116, -2.59467, 46.1828)
(-37.5983, -4.93019, 42.952)
(-41.133, -6.73555, 39.3131)
(-43.9555, -7.32478, 36.0149)
(-45.7079, -8.24455, 33.5503)
(-48.4519, -9.56365, 29.0476)
(-50.7219, -10.7495, 24.3833)
(-50.8777, -13.0093, 22.9135)
(-49.908, -12.0008, 25.4555)
(-49.7589, -12.8466, 25.3343)
(-50.0806, -12.1406, 25.0468)
(-47.08, -10.9972, 30.7465)
(-45.6584, -9.63319, 33.2464)
(-44.2052, -8.55673, 35.4328)
(-45.9381, -13.2207, 31.5866)
