(2.88699, 1.86148, 57.1927)
(2.89722, 1.86178, 57.1922)
(2.91079, 1.86459, 57.1914)
(2.92302, 1.8715, 57.1906)
(2.9427, 1.89225, 57.1889)
(2.96461, 1.92596, 57.1866)
(2.98946, 1.96985, 57.1838)
(3.00757, 2.03416, 57.1806)
(3.02117, 2.13021, 57.1764)
(3.0303, 2.18647, 57.1738)
(3.03742, 2.20716, 57.1726)
(3.04541, 2.20805, 57.1722)
(3.04636, 2.21899, 57.1717)
(3.04978, 2.20645, 57.172)
(3.05435, 2.1919, 57.1723)
(3.0519, 2.18323, 57.1728)
(3.04669, 2.18339, 57.173)
(3.02495, 2.24296, 57.1719)
(3.01374, 2.25673, 57.1719)
(3.00575, 2.26594, 57.172)
(3.0079, 2.27129, 57.1717)
(3.00578, 2.26663, 57.172)
(2.99873, 2.27661, 57.1719)
(2.99146, 2.29974, 57.1714)
(2.98894, 2.30585, 57.1713)
(2.99429, 2.29105, 57.1716)
(2.99103, 2.31563, 57.1708)
(2.99128, 2.30649, 57.1711)
(2.99716, 2.29701, 57.1712)
(2.99936, 2.31058, 57.1705)
(3.00369, 2.33657, 57.1693)
(3.00418, 2.40793, 57.1663)
(3.01037, 2.46298, 57.1636)
(3.02086, 2.48424, 57.1621)
(3.03383, 2.51263, 57.1602)
(3.03899, 2.57129, 57.1573)
(3.05397, 2.59508, 57.1554)
(3.07302, 2.60337, 57.154)
(3.09257, 2.6031, 57.153)
(3.10885, 2.60192, 57.1522)
(3.12638, 2.60585, 57.151)
(3.14135, 2.62762, 57.1492)
(3.15755, 2.64997, 57.1473)
(3.16469, 2.68952, 57.1451)
(3.17511, 2.72274, 57.1429)
(3.18853, 2.76176, 57.1403)
(3.20261, 2.79139, 57.1381)
(3.21437, 2.82884, 57.1356)
(3.22566, 2.87754, 57.1325)
(3.22999, 2.92779, 57.1297)
(3.23184, 2.95394, 57.1282)
(3.23449, 2.99278, 57.1261)
(3.24254, 3.004, 57.125)
(3.25002, 3.01711, 57.1239)
(3.26172, 3.01683, 57.1233)
(3.29384, 3.01962, 57.1213)
(3.29917, 3.02135, 57.1209)
(3.30418, 3.03019, 57.1201)
(3.30678, 3.04673, 57.1191)
(3.31001, 3.0608, 57.1181)
(3.31331, 3.08055, 57.1169)
(3.3175, 3.10357, 57.1154)
(3.32226, 3.13076, 57.1136)
(3.32954, 3.15868, 57.1117)
(3.34007, 3.18019, 57.1099)
(3.35071, 3.20037, 57.1081)
(3.35604, 3.20088, 57.1078)
(3.36895, 3.22104, 57.1059)
(3.37708, 3.24316, 57.1041)
(3.38723, 3.26395, 57.1024)
(3.39756, 3.28375, 57.1006)
(3.40937, 3.29962, 57.099)
(3.41505, 3.30063, 57.0986)
(3.41251, 3.29677, 57.099)
(3.4139, 3.29479, 57.099)
(3.41362, 3.28811, 57.0994)
(3.41055, 3.29786, 57.099)
(3.4076, 3.30159, 57.099)
(3.4052, 3.29591, 57.0995)
(3.39626, 3.27424, 57.1012)
(3.38656, 3.26015, 57.1026)
(3.38026, 3.24512, 57.1038)
(3.3734, 3.23428, 57.1049)
(3.36865, 3.22216, 57.1058)
(3.3693, 3.2243, 57.1057)
(3.36556, 3.23178, 57.1055)
(3.36258, 3.2342, 57.1055)
(3.35932, 3.24074, 57.1053)
(3.35812, 3.24734, 57.105)
(3.35837, 3.2485, 57.1049)
(3.35525, 3.22597, 57.1064)
(3.35867, 3.2253, 57.1062)
(3.36191, 3.22509, 57.1061)
(3.36876, 3.23102, 57.1053)
(3.37427, 3.2365, 57.1047)
(3.38158, 3.24988, 57.1035)
(3.38989, 3.26141, 57.1023)
(3.40287, 3.27269, 57.1009)
(3.41314, 3.28391, 57.0997)
(3.41991, 3.30734, 57.0979)
(3.42411, 3.31656, 57.0971)
(3.42993, 3.3267, 57.0962)
(3.41772, 3.36652, 57.0946)
(3.40584, 3.44002, 57.0909)
(3.40449, 3.4542, 57.0901)
(3.41148, 3.47006, 57.0888)
(3.44257, 3.46648, 57.0871)
(3.4764, 3.47858, 57.0843)
(3.51112, 3.50147, 57.0808)
(3.57752, 3.50124, 57.0767)
(3.64121, 3.41591, 57.0778)
(3.67866, 3.35292, 57.0792)
(3.72603, 3.26978, 57.0809)
(3.77116, 3.22964, 57.0802)
(3.81746, 3.20785, 57.0784)
(3.84753, 3.22231, 57.0756)
(3.86132, 3.2709, 57.0719)
(3.87435, 3.24459, 57.0725)
(3.88425, 3.21593, 57.0734)
(3.88071, 3.27031, 57.0706)
(3.90944, 3.30829, 57.0664)
(3.94513, 3.34169, 57.062)
(3.95176, 3.41387, 57.0573)
(3.93931, 3.38291, 57.06)
(3.83696, 3.33147, 57.07)
(3.58807, 3.22051, 57.0926)
(3.20163, 3.06169, 57.1243)
(2.68193, 2.9955, 57.1545)
(2.13976, 2.98269, 57.1781)
(1.60564, 3.00876, 57.1942)
(1.07457, 3.02007, 57.206)
(0.546719, 3.11245, 57.2086)
(0.0558368, 3.173, 57.2078)
(-0.445473, 3.19108, 57.2051)
(-1.01478, 3.20393, 57.1971)
(-1.6607, 2.99041, 57.1936)
(-2.4792, 2.81561, 57.1728)
(-3.33921, 2.66634, 57.1362)
(-4.33468, 2.58589, 57.073)
(-5.3903, 2.39936, 56.9912)
(-6.43439, 2.41188, 56.8822)
(-7.52469, 2.69736, 56.7354)
(-8.47065, 3.15886, 56.5781)
(-9.39283, 3.56481, 56.4081)
(-10.412, 4.11847, 56.191)
(-11.2879, 4.92258, 55.9567)
(-12.0664, 5.60594, 55.7295)
(-13.1753, 6.18023, 55.4168)
(-13.8415, 6.71848, 55.1913)
(-15.4886, 6.26359, 54.8058)
(-17.3625, 5.98292, 54.273)
(-18.8862, 6.59282, 53.6903)
(-20.7595, 7.22457, 52.9118)
(-22.499, 7.22175, 52.1962)
(-26.3506, 6.39137, 50.4738)
(-30.2862, 5.42462, 48.3335)
(-31.6162, 5.26985, 47.4916)
(-29.7163, 8.91352, 48.1695)
(-30.0192, 9.54916, 47.8588)
(-30.8348, 11.8932, 46.8036)
(-26.1205, 15.0662, 48.7189)
(-23.6453, 17.0261, 49.3337)
(-20.7896, 17.8576, 50.3161)
(-23.9214, 12.5912, 50.5177)
