(4.31762, 4.8604, 56.9258)
(4.32597, 4.85695, 56.9254)
(4.33695, 4.85454, 56.9248)
(4.34656, 4.84829, 56.9246)
(4.35546, 4.85247, 56.9235)
(4.36729, 4.85572, 56.9224)
(4.38092, 4.86608, 56.9204)
(4.39107, 4.87058, 56.9193)
(4.39767, 4.88463, 56.9176)
(4.40749, 4.90233, 56.9153)
(4.41093, 4.91976, 56.9135)
(4.4165, 4.92997, 56.9122)
(4.42649, 4.91863, 56.9124)
(4.43354, 4.90727, 56.9128)
(4.43276, 4.90613, 56.913)
(4.42898, 4.89926, 56.9139)
(4.4222, 4.90047, 56.9143)
(4.41117, 4.91951, 56.9135)
(4.40215, 4.95239, 56.9114)
(4.38691, 5.00391, 56.908)
(4.37911, 5.03801, 56.9056)
(4.36667, 5.07346, 56.9034)
(4.36282, 5.07733, 56.9034)
(4.36133, 5.07571, 56.9036)
(4.36162, 5.07806, 56.9034)
(4.36536, 5.07134, 56.9037)
(4.37255, 5.06311, 56.9039)
(4.37296, 5.05128, 56.9049)
(4.37651, 5.04533, 56.9052)
(4.3758, 5.05246, 56.9046)
(4.37832, 5.0543, 56.9042)
(4.37899, 5.06268, 56.9034)
(4.37701, 5.07066, 56.9029)
(4.36882, 5.11433, 56.8996)
(4.36237, 5.16334, 56.8957)
(4.36328, 5.18661, 56.8935)
(4.36854, 5.20823, 56.8911)
(4.37696, 5.24117, 56.8874)
(4.39044, 5.26612, 56.8841)
(4.40154, 5.27817, 56.8821)
(4.41776, 5.28714, 56.88)
(4.4337, 5.29729, 56.8778)
(4.44989, 5.30069, 56.8763)
(4.45991, 5.31121, 56.8745)
(4.4694, 5.32165, 56.8728)
(4.47941, 5.33317, 56.8709)
(4.48834, 5.34584, 56.869)
(4.49502, 5.35708, 56.8674)
(4.50267, 5.36206, 56.8663)
(4.51433, 5.36139, 56.8655)
(4.51974, 5.34692, 56.8664)
(4.53144, 5.33491, 56.8666)
(4.54452, 5.32729, 56.8663)
(4.55971, 5.32502, 56.8653)
(4.57646, 5.32422, 56.864)
(4.60992, 5.33205, 56.8606)
(4.61368, 5.33759, 56.8597)
(4.61869, 5.34986, 56.8582)
(4.6203, 5.37363, 56.8558)
(4.62685, 5.39061, 56.8537)
(4.63215, 5.40971, 56.8514)
(4.63688, 5.43735, 56.8484)
(4.64489, 5.46888, 56.8447)
(4.6503, 5.50938, 56.8404)
(4.66071, 5.54965, 56.8356)
(4.67599, 5.58023, 56.8314)
(4.69165, 5.60685, 56.8274)
(4.7078, 5.63168, 56.8237)
(4.7192, 5.65409, 56.8205)
(4.72887, 5.67759, 56.8173)
(4.74046, 5.69968, 56.8142)
(4.75336, 5.72111, 56.8109)
(4.76531, 5.73255, 56.8088)
(4.77498, 5.74567, 56.8066)
(4.78167, 5.75237, 56.8054)
(4.79589, 5.74121, 56.8053)
(4.80701, 5.74389, 56.8041)
(4.81822, 5.74747, 56.8028)
(4.8267, 5.74277, 56.8026)
(4.83637, 5.73756, 56.8023)
(4.84336, 5.73754, 56.8017)
(4.8505, 5.74393, 56.8004)
(4.85546, 5.74119, 56.8003)
(4.86055, 5.74395, 56.7995)
(4.86543, 5.74965, 56.7985)
(4.87053, 5.7595, 56.7971)
(4.87572, 5.76755, 56.7959)
(4.88044, 5.77726, 56.7945)
(4.88506, 5.78651, 56.7931)
(4.89068, 5.79654, 56.7916)
(4.89637, 5.80416, 56.7904)
(4.90348, 5.81148, 56.789)
(4.91226, 5.81759, 56.7876)
(4.92169, 5.82388, 56.7861)
(4.93122, 5.83416, 56.7843)
(4.94492, 5.84229, 56.7822)
(4.95856, 5.85054, 56.7802)
(4.97366, 5.85931, 56.778)
(4.98298, 5.87343, 56.7757)
(4.99095, 5.88671, 56.7736)
(4.99701, 5.90074, 56.7716)
(4.99131, 5.92171, 56.7699)
(4.99105, 5.92567, 56.7696)
(4.99096, 5.93668, 56.7684)
(4.99683, 5.93959, 56.7676)
(5.0168, 5.92575, 56.7673)
(5.05172, 5.91707, 56.7651)
(5.08921, 5.9146, 56.762)
(5.12659, 5.92118, 56.7579)
(5.19456, 5.89652, 56.7543)
(5.25379, 5.81344, 56.7575)
(5.27771, 5.77299, 56.7594)
(5.3302, 5.68278, 56.7636)
(5.37888, 5.63299, 56.7639)
(5.43523, 5.58943, 56.7629)
(5.46511, 5.59012, 56.7599)
(5.48045, 5.60873, 56.7566)
(5.48803, 5.55453, 56.7612)
(5.49674, 5.51113, 56.7646)
(5.48507, 5.51072, 56.7658)
(5.50327, 5.49844, 56.7652)
(5.53428, 5.4775, 56.7642)
(5.55009, 5.46312, 56.764)
(5.54273, 5.41016, 56.7698)
(5.4412, 5.34993, 56.7854)
(5.19834, 5.2116, 56.821)
(4.78738, 5.05559, 56.8712)
(4.24869, 4.95982, 56.9224)
(3.69425, 4.92922, 56.9637)
(3.14985, 4.95741, 56.9939)
(2.61814, 4.92979, 57.0232)
(2.10125, 4.96534, 57.0415)
(1.61492, 4.96963, 57.057)
(1.11502, 4.91142, 57.074)
(0.550206, 4.83204, 57.089)
(-0.0704997, 4.57084, 57.1131)
(-0.79387, 4.41871, 57.1196)
(-1.55395, 4.34415, 57.1097)
(-2.47033, 4.33265, 57.0783)
(-3.45744, 4.27818, 57.0311)
(-4.48059, 4.25822, 56.9614)
(-5.51443, 4.49696, 56.8522)
(-6.39308, 4.78037, 56.737)
(-7.25513, 4.87754, 56.6249)
(-8.19211, 5.21694, 56.4666)
(-8.98335, 5.712, 56.2981)
(-9.69426, 6.13673, 56.1353)
(-10.6976, 6.53149, 55.908)
(-11.2027, 7.22286, 55.7237)
(-12.7566, 6.65854, 55.4593)
(-14.6264, 6.14578, 55.0555)
(-16.6617, 6.04252, 54.4856)
(-19.3824, 5.57173, 53.6291)
(-21.8952, 4.67801, 52.7402)
(-26.4571, 2.81404, 50.7436)
(-31.0401, 1.67503, 48.1302)
(-32.8915, 1.43676, 46.8924)
(-31.7438, 5.52662, 47.3771)
(-32.5386, 6.45457, 46.716)
(-33.6649, 8.9265, 45.4951)
(-29.272, 12.0899, 47.7472)
(-27.0594, 14.1236, 48.4884)
(-24.4634, 15.0879, 49.5652)
(-27.5986, 9.87874, 49.2294)
