(-1.27226, 4.01249, 57.1409)
(-1.25771, 3.99889, 57.1422)
(-1.24605, 3.98662, 57.1433)
(-1.23389, 3.98081, 57.144)
(-1.22052, 4.00403, 57.1427)
(-1.20118, 4.03174, 57.1411)
(-1.1881, 4.09234, 57.1371)
(-1.17862, 4.14169, 57.1337)
(-1.19487, 4.24843, 57.1256)
(-1.209, 4.34773, 57.1178)
(-1.21958, 4.42458, 57.1117)
(-1.22256, 4.4558, 57.1092)
(-1.2232, 4.47708, 57.1075)
(-1.24632, 4.52016, 57.1036)
(-1.26911, 4.5716, 57.099)
(-1.30563, 4.66591, 57.0905)
(-1.32785, 4.73237, 57.0846)
(-1.32939, 4.74755, 57.0833)
(-1.34586, 4.8355, 57.0755)
(-1.3562, 4.9019, 57.0696)
(-1.36117, 4.94514, 57.0657)
(-1.38164, 5.0146, 57.0592)
(-1.39088, 5.04022, 57.0567)
(-1.38638, 5.03319, 57.0574)
(-1.39749, 5.06028, 57.0548)
(-1.40468, 5.09033, 57.0519)
(-1.39415, 5.11355, 57.0501)
(-1.39195, 5.13769, 57.048)
(-1.39315, 5.13917, 57.0478)
(-1.39247, 5.14105, 57.0477)
(-1.41085, 5.19569, 57.0423)
(-1.42266, 5.25095, 57.0369)
(-1.42591, 5.28446, 57.0337)
(-1.40952, 5.29831, 57.0329)
(-1.39244, 5.31812, 57.0314)
(-1.36523, 5.30727, 57.0331)
(-1.33295, 5.3088, 57.0337)
(-1.30408, 5.31211, 57.0341)
(-1.27485, 5.30254, 57.0356)
(-1.23459, 5.27585, 57.039)
(-1.20423, 5.26694, 57.0405)
(-1.18098, 5.26261, 57.0414)
(-1.15648, 5.25844, 57.0422)
(-1.13194, 5.27585, 57.0411)
(-1.10604, 5.27692, 57.0415)
(-1.08384, 5.27921, 57.0418)
(-1.07151, 5.2814, 57.0418)
(-1.05864, 5.28991, 57.0412)
(-1.04935, 5.31608, 57.039)
(-1.03666, 5.32301, 57.0386)
(-1.03116, 5.30758, 57.0401)
(-1.02307, 5.29775, 57.0412)
(-1.01699, 5.29678, 57.0414)
(-1.00977, 5.30916, 57.0403)
(-1.00378, 5.32128, 57.0393)
(-0.997775, 5.37567, 57.0343)
(-1.00245, 5.39364, 57.0325)
(-1.02126, 5.43632, 57.0281)
(-1.02362, 5.46519, 57.0253)
(-1.02577, 5.49499, 57.0224)
(-1.02338, 5.5263, 57.0195)
(-1.02758, 5.57341, 57.0148)
(-1.01855, 5.59745, 57.0126)
(-1.01433, 5.62653, 57.0098)
(-1.00224, 5.65418, 57.0073)
(-0.986736, 5.67653, 57.0053)
(-0.971255, 5.69797, 57.0035)
(-0.95133, 5.72043, 57.0016)
(-0.936549, 5.74376, 56.9995)
(-0.919909, 5.76153, 56.9979)
(-0.90593, 5.78149, 56.9961)
(-0.8933, 5.80146, 56.9943)
(-0.883956, 5.81144, 56.9934)
(-0.876928, 5.82198, 56.9925)
(-0.871428, 5.8259, 56.9922)
(-0.868347, 5.82753, 56.992)
(-0.87414, 5.83761, 56.9909)
(-0.893504, 5.84927, 56.9894)
(-0.900188, 5.83766, 56.9905)
(-0.917376, 5.84367, 56.9896)
(-0.92322, 5.83481, 56.9904)
(-0.913073, 5.81159, 56.993)
(-0.906987, 5.80451, 56.9938)
(-0.911379, 5.8038, 56.9938)
(-0.908922, 5.79911, 56.9943)
(-0.90868, 5.79132, 56.9951)
(-0.911952, 5.79636, 56.9945)
(-0.91679, 5.804, 56.9937)
(-0.922519, 5.81297, 56.9927)
(-0.92476, 5.82142, 56.9918)
(-0.924365, 5.82707, 56.9912)
(-0.921564, 5.83023, 56.9909)
(-0.914638, 5.83512, 56.9905)
(-0.90458, 5.84077, 56.9901)
(-0.894472, 5.84693, 56.9896)
(-0.877297, 5.85111, 56.9895)
(-0.872179, 5.87372, 56.9872)
(-0.872841, 5.91222, 56.9832)
(-0.868385, 5.94522, 56.9799)
(-0.866717, 5.97791, 56.9765)
(-0.861828, 6.00282, 56.9739)
(-0.862529, 6.04361, 56.9696)
(-0.862312, 6.0791, 56.9658)
(-0.858696, 6.10283, 56.9634)
(-0.858404, 6.16109, 56.9571)
(-0.83168, 6.16064, 56.9575)
(-0.789514, 6.19949, 56.9539)
(-0.732133, 6.20535, 56.9541)
(-0.67581, 6.20683, 56.9546)
(-0.592915, 6.19695, 56.9566)
(-0.517621, 6.10716, 56.967)
(-0.473214, 6.02802, 56.9758)
(-0.412231, 5.92241, 56.9874)
(-0.3555, 5.86562, 56.9936)
(-0.286037, 5.81571, 56.9991)
(-0.233392, 5.80634, 57.0003)
(-0.199756, 5.81908, 56.9992)
(-0.167393, 5.82402, 56.9988)
(-0.142503, 5.81653, 56.9996)
(-0.120121, 5.83573, 56.9977)
(-0.0757138, 5.83354, 56.998)
(-0.0461641, 5.89037, 56.9922)
(-0.046075, 5.9746, 56.9834)
(-0.0859244, 6.05023, 56.9754)
(-0.223118, 6.07854, 56.972)
(-0.497188, 5.95449, 56.9834)
(-0.945156, 5.76912, 56.9968)
(-1.5402, 5.68662, 56.9921)
(-2.19253, 5.72395, 56.967)
(-2.86929, 5.8423, 56.9249)
(-3.50526, 5.8864, 56.8847)
(-4.13776, 5.96574, 56.8339)
(-4.74332, 5.97878, 56.7852)
(-5.34923, 5.88996, 56.7406)
(-6.10827, 5.80176, 56.6731)
(-6.90852, 5.55961, 56.6054)
(-7.79142, 5.1738, 56.5273)
(-8.65503, 4.69397, 56.4434)
(-9.69675, 4.35349, 56.3012)
(-10.7868, 4.02191, 56.1273)
(-11.889, 3.80476, 55.9194)
(-13.0713, 4.06576, 55.6365)
(-14.1119, 4.42661, 55.354)
(-15.1166, 4.67447, 55.0676)
(-16.1741, 5.15923, 54.7228)
(-17.1005, 5.89195, 54.366)
(-17.9028, 6.58607, 54.027)
(-18.995, 7.29455, 53.561)
(-19.5379, 8.21905, 53.2309)
(-21.0893, 7.90046, 52.6843)
(-22.9062, 7.68718, 51.9521)
(-24.5669, 8.16909, 51.113)
(-26.4722, 8.89967, 50.0283)
(-28.1163, 8.86932, 49.1285)
(-31.5741, 8.95691, 46.9644)
(-34.3032, 9.65393, 44.8653)
(-33.4669, 11.027, 45.1793)
(-29.9738, 15.2279, 46.3949)
(-29.4197, 16.584, 46.2845)
(-29.85, 19.4868, 44.8558)
(-25.2922, 22.8915, 46.0336)
(-22.782, 24.9968, 46.2488)
(-19.841, 25.9713, 47.0599)
(-22.9733, 21.1383, 48.0438)
