(31.8997, 27.8471, 38.5973)
(31.9538, 27.8708, 38.5354)
(32.0134, 27.8963, 38.4674)
(32.0465, 27.9067, 38.4323)
(32.0422, 27.8979, 38.4423)
(32.0104, 27.8734, 38.4865)
(31.9904, 27.8555, 38.5161)
(31.9873, 27.8487, 38.5236)
(32.0092, 27.8556, 38.5005)
(32.1927, 27.9506, 38.2779)
(32.273, 27.9823, 38.1871)
(32.325, 27.9971, 38.1322)
(32.3485, 27.9902, 38.1173)
(32.3729, 27.9823, 38.1023)
(32.4894, 28.0254, 37.9714)
(32.6716, 28.104, 37.7563)
(32.8744, 28.1895, 37.5158)
(33.0192, 28.2586, 37.3362)
(33.1841, 28.3359, 37.1308)
(33.2776, 28.3684, 37.0222)
(33.4396, 28.4329, 36.8262)
(33.5798, 28.4867, 36.6567)
(33.6935, 28.5285, 36.5195)
(33.7933, 28.5666, 36.3975)
(33.8518, 28.5848, 36.3287)
(33.8926, 28.5907, 36.2859)
(33.9562, 28.6134, 36.2085)
(33.9887, 28.6274, 36.1669)
(34.0204, 28.6402, 36.1269)
(34.0263, 28.6589, 36.1066)
(34.0397, 28.6822, 36.0754)
(34.0429, 28.7023, 36.0565)
(34.0864, 28.7431, 35.9828)
(34.1506, 28.7899, 35.8844)
(34.1931, 28.8265, 35.8144)
(34.2052, 28.8544, 35.7804)
(34.2273, 28.8773, 35.7407)
(34.2183, 28.8836, 35.7443)
(34.2129, 28.8819, 35.7508)
(34.1987, 28.8779, 35.7676)
(34.1717, 28.8639, 35.8047)
(34.1084, 28.8299, 35.8924)
(34.0692, 28.8079, 35.9472)
(33.9825, 28.7675, 36.0615)
(33.9424, 28.7472, 36.1153)
(33.9117, 28.7324, 36.1559)
(33.8787, 28.7148, 36.2008)
(33.855, 28.7025, 36.2327)
(33.8673, 28.7057, 36.2187)
(33.8827, 28.7108, 36.2003)
(33.9342, 28.7434, 36.1261)
(33.9922, 28.7779, 36.0439)
(34.0418, 28.8066, 35.9742)
(34.0822, 28.8343, 35.9138)
(34.098, 28.8443, 35.8907)
(34.1227, 28.8582, 35.856)
(34.1258, 28.8665, 35.8464)
(34.1236, 28.8799, 35.8377)
(34.122, 28.8956, 35.8265)
(34.1117, 28.898, 35.8344)
(34.0993, 28.9022, 35.8428)
(34.0849, 28.9039, 35.8552)
(34.091, 28.9121, 35.8427)
(34.0972, 28.92, 35.8304)
(34.1096, 28.9246, 35.8149)
(34.1181, 28.9251, 35.8064)
(34.1234, 28.9233, 35.8028)
(34.1378, 28.9243, 35.7883)
(34.1512, 28.9341, 35.7677)
(34.1683, 28.9442, 35.743)
(34.1911, 28.9555, 35.712)
(34.2011, 28.9611, 35.698)
(34.1917, 28.9579, 35.7096)
(34.1908, 28.9653, 35.7045)
(34.1891, 28.9726, 35.7002)
(34.1913, 28.9816, 35.6908)
(34.1963, 28.9965, 35.6739)
(34.2133, 29.0183, 35.6397)
(34.2189, 29.0334, 35.6222)
(34.2213, 29.0481, 35.6078)
(34.2349, 29.0713, 35.5758)
(34.2935, 29.1163, 35.4824)
(34.3488, 29.1571, 35.3954)
(34.4018, 29.1981, 35.3099)
(34.4798, 29.2511, 35.1898)
(34.554, 29.3005, 35.0758)
(34.6679, 29.3718, 34.9033)
(34.8255, 29.4648, 34.6672)
(35.0271, 29.5801, 34.3646)
(35.1677, 29.6609, 34.1507)
(35.3085, 29.7402, 33.9358)
(35.4011, 29.7922, 33.7933)
(35.4509, 29.8215, 33.7153)
(35.5149, 29.8587, 33.6148)
(35.5497, 29.8805, 33.5586)
(35.5927, 29.9061, 33.4902)
(35.6059, 29.9172, 33.4663)
(35.6354, 29.9341, 33.4196)
(35.6517, 29.943, 33.3943)
(35.6575, 29.947, 33.3845)
(35.6653, 29.9515, 33.3722)
(35.6583, 29.9485, 33.3824)
(35.6528, 29.95, 33.3869)
(35.6477, 29.9513, 33.3911)
(35.6387, 29.9536, 33.3987)
(35.6463, 29.9414, 33.4014)
(35.6498, 29.9462, 33.3935)
(35.6423, 29.9427, 33.4046)
(35.5721, 29.8957, 33.5214)
(35.5437, 29.832, 33.6081)
(35.4749, 29.7196, 33.78)
(35.3802, 29.6574, 33.9336)
(35.2758, 29.516, 34.1647)
(35.2317, 29.3964, 34.3131)
(35.1678, 29.235, 34.5159)
(35.0956, 29.0761, 34.723)
(34.9936, 28.945, 34.9348)
(34.8175, 28.7802, 35.2455)
(34.7367, 28.6566, 35.4255)
(34.695, 28.5901, 35.52)
(34.7306, 28.496, 35.5608)
(34.8222, 28.3765, 35.5667)
(34.9296, 28.2305, 35.5777)
(35.0412, 28.0302, 35.6263)
(35.0545, 27.9422, 35.6823)
(34.9798, 27.9222, 35.7711)
(34.6639, 27.9877, 36.0265)
(34.2726, 28.0981, 36.3138)
(33.8508, 28.1998, 36.6292)
(33.4157, 28.3513, 36.9107)
(33.0489, 28.4186, 37.1882)
(32.6366, 28.4665, 37.5142)
(32.4104, 28.4121, 37.7509)
(32.2271, 28.2633, 38.0185)
(31.9952, 28.134, 38.3091)
(31.803, 27.8694, 38.661)
(31.5137, 27.766, 38.9711)
(31.1309, 27.7157, 39.313)
(30.5785, 27.7476, 39.7219)
(29.8717, 27.7944, 40.2239)
(29.1311, 27.8062, 40.7554)
(28.447, 28.0239, 41.0881)
(27.842, 28.2202, 41.3673)
(26.6939, 27.9843, 42.2744)
(25.3716, 27.9522, 43.1018)
(24.4612, 27.9321, 43.6377)
(23.6118, 28.1016, 43.9953)
(22.1393, 27.9892, 44.8248)
(21.197, 28.1082, 45.2043)
(18.3487, 26.8932, 47.1475)
(12.5162, 24.8831, 50.0698)
(6.7275, 23.6268, 51.7622)
(2.47047, 23.4461, 52.2205)
(-0.796309, 23.5204, 52.2395)
(-6.24264, 22.8526, 52.1689)
(-11.5766, 22.3642, 51.4648)
(-15.2063, 22.5847, 50.4133)
(-14.7635, 25.1621, 49.3124)
(-16.4001, 25.196, 48.775)
(-17.9286, 27.1568, 47.158)
(-14.3409, 29.9866, 46.6685)
(-12.2975, 31.5163, 46.2418)
(-9.72726, 31.8625, 46.6151)
(-13.7992, 26.6413, 48.8122)
