(0.832266, 9.88408, 56.4307)
(0.841589, 9.87328, 56.4324)
(0.851064, 9.87732, 56.4316)
(0.859405, 9.87945, 56.4311)
(0.860654, 9.92736, 56.4226)
(0.867186, 9.98129, 56.413)
(0.877805, 10.0232, 56.4054)
(0.890074, 10.0494, 56.4006)
(0.901047, 10.0641, 56.3978)
(0.904244, 10.1083, 56.3898)
(0.905909, 10.1352, 56.385)
(0.899302, 10.1696, 56.3789)
(0.90096, 10.1722, 56.3784)
(0.898539, 10.1734, 56.3782)
(0.881947, 10.1838, 56.3766)
(0.862777, 10.1898, 56.3758)
(0.84867, 10.195, 56.3751)
(0.825135, 10.2122, 56.3723)
(0.799989, 10.2421, 56.3672)
(0.788972, 10.2462, 56.3666)
(0.774553, 10.2598, 56.3644)
(0.754014, 10.2909, 56.359)
(0.739323, 10.3209, 56.3537)
(0.722097, 10.3491, 56.3487)
(0.710436, 10.3817, 56.3429)
(0.706963, 10.3905, 56.3413)
(0.711556, 10.3955, 56.3403)
(0.710491, 10.385, 56.3423)
(0.715789, 10.375, 56.3441)
(0.713438, 10.3804, 56.3431)
(0.721856, 10.3804, 56.343)
(0.726839, 10.4079, 56.3378)
(0.724814, 10.4866, 56.3233)
(0.737531, 10.5262, 56.3157)
(0.755973, 10.5609, 56.309)
(0.764313, 10.6048, 56.3006)
(0.778614, 10.6289, 56.2959)
(0.793749, 10.6485, 56.292)
(0.812969, 10.653, 56.2908)
(0.829289, 10.6476, 56.2916)
(0.844731, 10.6533, 56.2903)
(0.860633, 10.6613, 56.2886)
(0.87374, 10.6735, 56.286)
(0.882985, 10.6857, 56.2836)
(0.887303, 10.7209, 56.2768)
(0.888858, 10.7492, 56.2714)
(0.892531, 10.7665, 56.268)
(0.893794, 10.7912, 56.2633)
(0.892507, 10.8107, 56.2596)
(0.899037, 10.8192, 56.2578)
(0.895735, 10.8157, 56.2585)
(0.904207, 10.8039, 56.2607)
(0.913555, 10.796, 56.262)
(0.923848, 10.7942, 56.2622)
(0.935344, 10.7903, 56.2628)
(0.96419, 10.7959, 56.2612)
(0.968274, 10.7962, 56.2611)
(0.971613, 10.8032, 56.2597)
(0.972613, 10.8181, 56.2568)
(0.973042, 10.8344, 56.2537)
(0.966802, 10.8615, 56.2485)
(0.966597, 10.8837, 56.2443)
(0.966455, 10.9158, 56.238)
(0.966869, 10.947, 56.232)
(0.966832, 10.9822, 56.2251)
(0.9693, 11.0096, 56.2197)
(0.972398, 11.0413, 56.2134)
(0.979344, 11.0629, 56.2091)
(0.980537, 11.0801, 56.2057)
(0.981764, 11.1015, 56.2014)
(0.981888, 11.1161, 56.1985)
(0.981342, 11.1176, 56.1982)
(0.983118, 11.1139, 56.199)
(0.981654, 11.1076, 56.2002)
(0.978149, 11.0919, 56.2034)
(0.980372, 11.0799, 56.2057)
(0.982034, 11.0856, 56.2046)
(0.981465, 11.0891, 56.2039)
(0.982839, 11.0465, 56.2122)
(0.98427, 11.0232, 56.2168)
(0.980142, 11.013, 56.2189)
(0.978329, 10.9984, 56.2217)
(0.976346, 10.9802, 56.2253)
(0.973611, 10.9745, 56.2265)
(0.969679, 10.9673, 56.228)
(0.963559, 10.966, 56.2283)
(0.960692, 10.9708, 56.2274)
(0.955625, 10.9779, 56.2261)
(0.947424, 10.9923, 56.2235)
(0.939493, 11.0094, 56.2203)
(0.930147, 11.0181, 56.2187)
(0.928147, 11.0268, 56.217)
(0.92267, 11.0403, 56.2145)
(0.911642, 11.0619, 56.2104)
(0.905319, 11.076, 56.2077)
(0.908884, 11.0796, 56.207)
(0.909115, 11.0865, 56.2056)
(0.911574, 11.1004, 56.2028)
(0.905838, 11.1306, 56.1969)
(0.90999, 11.1393, 56.1952)
(0.911298, 11.1478, 56.1935)
(0.917206, 11.1501, 56.1929)
(0.913179, 11.1588, 56.1912)
(0.916556, 11.16, 56.1909)
(0.92002, 11.1608, 56.1907)
(0.936407, 11.1562, 56.1914)
(0.967466, 11.1438, 56.1933)
(1.00487, 11.1341, 56.1946)
(1.04847, 11.1289, 56.1948)
(1.12082, 11.1016, 56.1988)
(1.18537, 11.0126, 56.215)
(1.20809, 10.9853, 56.2198)
(1.26588, 10.8803, 56.239)
(1.32202, 10.8314, 56.2471)
(1.38669, 10.8048, 56.2507)
(1.4375, 10.8131, 56.2478)
(1.4762, 10.7936, 56.2506)
(1.50305, 10.7122, 56.2654)
(1.52288, 10.6897, 56.2692)
(1.51416, 10.7221, 56.2632)
(1.54758, 10.7266, 56.2615)
(1.59148, 10.7321, 56.2592)
(1.61626, 10.7682, 56.2516)
(1.62555, 10.74, 56.2567)
(1.5325, 10.674, 56.2719)
(1.26198, 10.5486, 56.3022)
(0.82286, 10.347, 56.3478)
(0.247842, 10.2487, 56.3712)
(-0.335609, 10.2146, 56.3769)
(-0.90999, 10.2195, 56.3697)
(-1.45121, 10.1762, 56.3662)
(-1.97818, 10.1912, 56.3474)
(-2.4596, 10.1606, 56.334)
(-2.93264, 10.0297, 56.3348)
(-3.48547, 9.83938, 56.3369)
(-4.08706, 9.52128, 56.3511)
(-4.80908, 9.23624, 56.3416)
(-5.6106, 9.04843, 56.2979)
(-6.5719, 8.92397, 56.2137)
(-7.59187, 8.67085, 56.1247)
(-8.68002, 8.44893, 56.0007)
(-9.78987, 8.47137, 55.814)
(-10.7639, 8.57747, 55.6181)
(-11.7566, 8.53012, 55.4241)
(-12.8872, 8.6885, 55.1474)
(-14.0776, 8.90082, 54.8216)
(-15.0753, 9.10193, 54.5224)
(-16.233, 9.5023, 54.1203)
(-16.7388, 10.441, 53.7922)
(-18.2174, 10.1265, 53.3703)
(-19.9892, 9.89914, 52.7754)
(-21.6684, 10.3635, 52.0181)
(-23.569, 11.1527, 51.0189)
(-25.1461, 11.6791, 50.1406)
(-28.7997, 11.3394, 48.2162)
(-32.7501, 10.8754, 45.738)
(-34.3937, 10.905, 44.5079)
(-32.6736, 14.5727, 44.7535)
(-33.0422, 14.3859, 44.5429)
(-33.6097, 15.6865, 43.6707)
(-29.1165, 18.0738, 45.917)
(-26.6749, 19.6791, 46.7332)
(-23.8522, 20.3826, 47.9419)
(-26.9039, 15.1363, 48.2688)
