(-3.57345, 1.56951, 57.1627)
(-3.56492, 1.55923, 57.1635)
(-3.55517, 1.54641, 57.1645)
(-3.54506, 1.53629, 57.1654)
(-3.53436, 1.53195, 57.1661)
(-3.52197, 1.52951, 57.167)
(-3.50899, 1.52799, 57.1678)
(-3.49711, 1.52661, 57.1686)
(-3.48512, 1.52785, 57.1693)
(-3.47226, 1.5277, 57.1701)
(-3.45957, 1.52527, 57.1709)
(-3.44804, 1.52103, 57.1717)
(-3.43635, 1.50841, 57.1727)
(-3.42836, 1.49544, 57.1736)
(-3.42327, 1.48239, 57.1742)
(-3.42109, 1.46468, 57.1748)
(-3.41773, 1.44577, 57.1755)
(-3.41858, 1.43339, 57.1757)
(-3.41859, 1.42189, 57.176)
(-3.41689, 1.40986, 57.1764)
(-3.4141, 1.39372, 57.177)
(-3.41176, 1.37648, 57.1775)
(-3.40923, 1.35764, 57.1781)
(-3.40667, 1.34274, 57.1786)
(-3.40269, 1.32876, 57.1792)
(-3.39495, 1.31189, 57.1801)
(-3.38574, 1.29713, 57.1809)
(-3.38038, 1.27578, 57.1817)
(-3.37291, 1.25799, 57.1826)
(-3.36713, 1.24859, 57.1831)
(-3.35901, 1.23951, 57.1838)
(-3.35169, 1.23449, 57.1843)
(-3.34589, 1.22977, 57.1848)
(-3.33788, 1.22904, 57.1853)
(-3.32939, 1.23173, 57.1857)
(-3.32247, 1.23205, 57.1861)
(-3.31018, 1.23007, 57.1869)
(-3.2945, 1.22662, 57.1878)
(-3.27653, 1.2179, 57.189)
(-3.26012, 1.21032, 57.1902)
(-3.24252, 1.20603, 57.1912)
(-3.22559, 1.20559, 57.1922)
(-3.20923, 1.20603, 57.1931)
(-3.19638, 1.21097, 57.1937)
(-3.18225, 1.21593, 57.1944)
(-3.17032, 1.22099, 57.195)
(-3.15977, 1.22548, 57.1955)
(-3.15007, 1.23099, 57.1959)
(-3.14086, 1.23489, 57.1963)
(-3.12919, 1.23566, 57.1969)
(-3.12246, 1.22018, 57.1976)
(-3.10964, 1.20815, 57.1986)
(-3.09553, 1.19935, 57.1995)
(-3.07905, 1.19655, 57.2005)
(-3.06139, 1.19422, 57.2015)
(-3.02686, 1.20034, 57.2032)
(-3.02046, 1.2033, 57.2035)
(-3.01167, 1.21173, 57.2037)
(-3.00519, 1.22697, 57.2038)
(-2.99781, 1.24119, 57.2038)
(-2.99165, 1.25805, 57.2038)
(-2.98539, 1.28042, 57.2036)
(-2.97821, 1.30543, 57.2034)
(-2.97056, 1.33212, 57.2032)
(-2.95842, 1.35782, 57.2032)
(-2.94398, 1.3824, 57.2034)
(-2.92974, 1.40512, 57.2036)
(-2.91538, 1.42651, 57.2038)
(-2.90412, 1.44715, 57.2038)
(-2.89356, 1.46868, 57.2038)
(-2.88199, 1.48933, 57.2039)
(-2.86825, 1.50841, 57.2041)
(-2.85577, 1.51886, 57.2044)
(-2.84408, 1.52895, 57.2047)
(-2.83428, 1.53453, 57.2051)
(-2.82204, 1.53816, 57.2056)
(-2.81063, 1.54484, 57.2059)
(-2.79878, 1.55187, 57.2063)
(-2.78798, 1.55932, 57.2067)
(-2.7783, 1.56775, 57.2069)
(-2.77028, 1.57736, 57.207)
(-2.76147, 1.58649, 57.2072)
(-2.75274, 1.59386, 57.2074)
(-2.74567, 1.60079, 57.2076)
(-2.73847, 1.60847, 57.2077)
(-2.73219, 1.61683, 57.2078)
(-2.72593, 1.62501, 57.2078)
(-2.7206, 1.63389, 57.2078)
(-2.71519, 1.64299, 57.2078)
(-2.70919, 1.65161, 57.2079)
(-2.70311, 1.65902, 57.2079)
(-2.69573, 1.66597, 57.2081)
(-2.68696, 1.67194, 57.2083)
(-2.67663, 1.67796, 57.2086)
(-2.66478, 1.68376, 57.209)
(-2.6468, 1.68763, 57.2097)
(-2.63006, 1.69221, 57.2104)
(-2.6138, 1.69909, 57.2109)
(-2.60039, 1.70712, 57.2113)
(-2.58918, 1.71464, 57.2116)
(-2.5801, 1.72043, 57.2118)
(-2.57251, 1.72543, 57.212)
(-2.57025, 1.72629, 57.2121)
(-2.56521, 1.72678, 57.2123)
(-2.55415, 1.71435, 57.2131)
(-2.53182, 1.69367, 57.2147)
(-2.49351, 1.67859, 57.2169)
(-2.45202, 1.67045, 57.2189)
(-2.40816, 1.66961, 57.2208)
(-2.33471, 1.64228, 57.2246)
(-2.26982, 1.55163, 57.2298)
(-2.2287, 1.47696, 57.2334)
(-2.17024, 1.37056, 57.2383)
(-2.11881, 1.31508, 57.2415)
(-2.06133, 1.26573, 57.2447)
(-2.0146, 1.2294, 57.2472)
(-1.98573, 1.21078, 57.2486)
(-1.96119, 1.12373, 57.2512)
(-1.94789, 1.06921, 57.2527)
(-1.94642, 1.04745, 57.2531)
(-1.91961, 1.0146, 57.2546)
(-1.89172, 0.989446, 57.256)
(-1.88809, 0.983104, 57.2562)
(-1.90878, 0.934678, 57.2563)
(-2.01048, 0.863931, 57.254)
(-2.24981, 0.695274, 57.2474)
(-2.63453, 0.462677, 57.2333)
(-3.15276, 0.313056, 57.2081)
(-3.69013, 0.243518, 57.1763)
(-4.21509, 0.236636, 57.14)
(-4.73585, 0.189995, 57.0994)
(-5.24417, 0.21117, 57.0549)
(-5.74099, 0.226985, 57.007)
(-6.25995, 0.197167, 56.9524)
(-6.84524, 0.144639, 56.8852)
(-7.49601, -0.0413559, 56.8033)
(-8.23193, -0.136146, 56.7012)
(-9.01054, -0.152703, 56.5826)
(-9.9295, -0.119387, 56.4287)
(-10.9016, -0.157975, 56.2489)
(-11.9205, -0.0886377, 56.042)
(-12.9679, 0.372844, 55.8077)
(-13.8762, 0.918297, 55.5825)
(-14.7641, 1.34714, 55.3445)
(-15.714, 1.98411, 55.0631)
(-16.5479, 2.87969, 54.7785)
(-17.2719, 3.6488, 54.5085)
(-18.3142, 4.43677, 54.1083)
(-18.8307, 5.4576, 53.837)
(-20.3412, 5.18081, 53.3123)
(-22.131, 4.97064, 52.6148)
(-23.8217, 5.42518, 51.8257)
(-25.8258, 6.0323, 50.7882)
(-27.7667, 5.86992, 49.7731)
(-31.6609, 4.89561, 47.5018)
(-35.6221, 4.04026, 44.694)
(-37.0432, 3.66891, 43.5562)
(-35.4655, 7.13655, 44.4306)
(-35.8581, 7.66218, 44.0261)
(-36.6977, 9.8162, 42.8921)
(-32.3935, 12.6479, 45.5357)
(-30.1498, 14.5636, 46.494)
(-27.5381, 15.5292, 47.7839)
(-30.5078, 10.375, 47.3755)
