(2.39051, -1.66894, 57.2216)
(2.40161, -1.67706, 57.2208)
(2.41216, -1.68744, 57.2201)
(2.42415, -1.6928, 57.2194)
(2.44008, -1.67339, 57.2193)
(2.4604, -1.64712, 57.2192)
(2.47861, -1.59486, 57.2199)
(2.49208, -1.55224, 57.2205)
(2.50518, -1.49119, 57.2216)
(2.51184, -1.42449, 57.223)
(2.52048, -1.37774, 57.2237)
(2.52576, -1.36059, 57.2239)
(2.53345, -1.35396, 57.2237)
(2.53538, -1.3521, 57.2237)
(2.53333, -1.33532, 57.2242)
(2.5371, -1.30384, 57.2247)
(2.53472, -1.27062, 57.2256)
(2.52617, -1.24351, 57.2266)
(2.51769, -1.16646, 57.2285)
(2.51529, -1.11244, 57.2297)
(2.52091, -1.08719, 57.23)
(2.52598, -1.05879, 57.2303)
(2.52619, -1.04956, 57.2304)
(2.52605, -1.05087, 57.2304)
(2.5211, -1.03414, 57.2309)
(2.51967, -1.01396, 57.2314)
(2.52455, -0.982106, 57.2317)
(2.52525, -0.952713, 57.2322)
(2.52412, -0.95105, 57.2323)
(2.52665, -0.946333, 57.2322)
(2.52545, -0.912174, 57.2328)
(2.53181, -0.87866, 57.2331)
(2.54011, -0.856938, 57.233)
(2.55157, -0.831219, 57.2329)
(2.56445, -0.800759, 57.2328)
(2.57615, -0.781346, 57.2325)
(2.59231, -0.750364, 57.2322)
(2.6132, -0.729461, 57.2315)
(2.63404, -0.722733, 57.2306)
(2.65351, -0.714194, 57.2298)
(2.67087, -0.700863, 57.2292)
(2.6869, -0.69272, 57.2285)
(2.70127, -0.680431, 57.228)
(2.70815, -0.633363, 57.2282)
(2.71638, -0.604367, 57.2282)
(2.72425, -0.579294, 57.228)
(2.73354, -0.572045, 57.2277)
(2.73966, -0.552781, 57.2276)
(2.73914, -0.512142, 57.228)
(2.74615, -0.496899, 57.2278)
(2.74303, -0.496055, 57.2279)
(2.74704, -0.497396, 57.2277)
(2.75211, -0.494864, 57.2275)
(2.7623, -0.484412, 57.2271)
(2.77268, -0.477089, 57.2267)
(2.7905, -0.438461, 57.2261)
(2.79132, -0.427215, 57.2262)
(2.7873, -0.403979, 57.2265)
(2.78553, -0.373419, 57.2268)
(2.77903, -0.336554, 57.2274)
(2.77177, -0.289585, 57.228)
(2.76628, -0.240953, 57.2285)
(2.76917, -0.209723, 57.2284)
(2.77184, -0.180628, 57.2284)
(2.78132, -0.152476, 57.228)
(2.79368, -0.128793, 57.2275)
(2.80485, -0.104191, 57.227)
(2.81962, -0.0777771, 57.2263)
(2.82885, -0.0474656, 57.2259)
(2.83688, -0.0185692, 57.2255)
(2.84497, 0.00809299, 57.2251)
(2.85351, 0.0326698, 57.2247)
(2.86085, 0.0455789, 57.2243)
(2.8671, 0.0588107, 57.224)
(2.86967, 0.0692869, 57.2238)
(2.87257, 0.0734079, 57.2237)
(2.87372, 0.0757414, 57.2236)
(2.8632, 0.0764613, 57.2241)
(2.85278, 0.0727376, 57.2247)
(2.84471, 0.0669285, 57.2251)
(2.84089, 0.0576191, 57.2253)
(2.84189, 0.0507425, 57.2252)
(2.84423, 0.05181, 57.2251)
(2.84079, 0.0521327, 57.2253)
(2.84038, 0.0539201, 57.2253)
(2.83765, 0.0521327, 57.2254)
(2.835, 0.0580411, 57.2256)
(2.83122, 0.0657121, 57.2257)
(2.82742, 0.0730851, 57.2259)
(2.82838, 0.0778764, 57.2259)
(2.83044, 0.0819229, 57.2258)
(2.83461, 0.083884, 57.2256)
(2.84226, 0.0886008, 57.2252)
(2.85246, 0.0952043, 57.2247)
(2.86345, 0.101311, 57.2241)
(2.88156, 0.106003, 57.2232)
(2.89221, 0.122189, 57.2226)
(2.90064, 0.148032, 57.2221)
(2.91215, 0.170772, 57.2215)
(2.92221, 0.191203, 57.2209)
(2.93264, 0.208308, 57.2203)
(2.94333, 0.233058, 57.2197)
(2.95021, 0.26054, 57.2192)
(2.9491, 0.293557, 57.2191)
(2.95467, 0.349662, 57.2185)
(2.97163, 0.365326, 57.2175)
(3.00551, 0.42369, 57.2153)
(3.04979, 0.454374, 57.2128)
(3.09488, 0.474036, 57.2102)
(3.16971, 0.474557, 57.2061)
(3.23074, 0.405593, 57.2032)
(3.27114, 0.343853, 57.2013)
(3.32611, 0.24701, 57.1986)
(3.36948, 0.199892, 57.1963)
(3.41761, 0.163945, 57.1935)
(3.44952, 0.167222, 57.1916)
(3.4657, 0.19448, 57.1905)
(3.47236, 0.238942, 57.19)
(3.47299, 0.259348, 57.1898)
(3.47468, 0.304778, 57.1895)
(3.4963, 0.318879, 57.1881)
(3.51089, 0.366717, 57.1869)
(3.49583, 0.429102, 57.1874)
(3.44545, 0.46629, 57.1902)
(3.30902, 0.473887, 57.1982)
(3.03898, 0.353361, 57.214)
(2.61811, 0.18455, 57.2356)
(2.06597, 0.0905372, 57.2584)
(1.46948, 0.0844054, 57.2769)
(0.874471, 0.12631, 57.289)
(0.307791, 0.0891222, 57.2949)
(-0.276462, 0.110099, 57.295)
(-0.890424, 0.0987046, 57.2888)
(-1.54401, 0.0181968, 57.275)
(-2.3184, -0.106847, 57.2488)
(-3.16612, -0.362844, 57.2071)
(-4.17483, -0.609953, 57.1402)
(-5.23918, -0.818112, 57.0499)
(-6.41193, -0.977241, 56.9275)
(-7.59013, -1.16844, 56.7788)
(-8.79091, -1.25287, 56.6035)
(-10.0408, -0.935683, 56.4013)
(-11.1314, -0.560849, 56.2013)
(-12.2114, -0.283776, 55.9786)
(-13.3603, 0.277545, 55.7156)
(-14.4082, 1.06445, 55.4444)
(-15.2767, 1.78242, 55.1929)
(-16.4656, 2.50351, 54.8217)
(-17.0786, 3.41529, 54.5844)
(-18.6919, 3.02571, 54.0765)
(-20.5711, 2.77505, 53.4035)
(-22.2787, 3.25735, 52.6864)
(-24.2375, 3.97304, 51.7645)
(-25.8526, 3.98776, 50.976)
(-29.152, 3.6308, 49.1913)
(-31.6895, 3.79194, 47.5837)
(-30.6507, 5.52868, 48.0913)
(-27.0795, 10.0933, 49.4735)
(-26.5748, 11.7866, 49.3727)
(-27.0464, 14.8937, 48.2646)
(-22.0693, 18.6225, 49.4869)
(-19.4279, 20.8397, 49.7099)
(-16.4073, 21.7764, 50.3924)
(-19.6108, 16.7329, 51.1686)
