(-29.1955, -14.5758, 47.0954)
(-29.1922, -14.5713, 47.0988)
(-29.1891, -14.5674, 47.102)
(-29.1809, -14.5647, 47.1079)
(-29.1732, -14.5618, 47.1135)
(-29.1612, -14.5549, 47.1231)
(-29.1522, -14.5339, 47.1351)
(-29.1478, -14.5129, 47.1443)
(-29.14, -14.4937, 47.155)
(-29.1192, -14.4581, 47.1788)
(-29.096, -14.4524, 47.1949)
(-29.078, -14.4465, 47.2078)
(-29.0669, -14.4446, 47.2152)
(-29.059, -14.443, 47.2206)
(-29.0552, -14.4382, 47.2243)
(-29.0544, -14.4633, 47.2172)
(-29.057, -14.4663, 47.2146)
(-29.0564, -14.4941, 47.2065)
(-29.0572, -14.5269, 47.1959)
(-29.0606, -14.5611, 47.1833)
(-29.072, -14.5894, 47.1675)
(-29.0862, -14.6136, 47.1513)
(-29.1006, -14.6248, 47.1389)
(-29.1176, -14.641, 47.1234)
(-29.1285, -14.6514, 47.1134)
(-29.1353, -14.654, 47.1084)
(-29.143, -14.6491, 47.1052)
(-29.1513, -14.6622, 47.096)
(-29.1641, -14.6427, 47.0941)
(-29.1643, -14.6568, 47.0896)
(-29.163, -14.6627, 47.0885)
(-29.161, -14.6725, 47.0867)
(-29.1592, -14.6847, 47.084)
(-29.158, -14.692, 47.0825)
(-29.1558, -14.6939, 47.0833)
(-29.1504, -14.7071, 47.0825)
(-29.1435, -14.7139, 47.0846)
(-29.1276, -14.7262, 47.0906)
(-29.1122, -14.7358, 47.0972)
(-29.0991, -14.7374, 47.1048)
(-29.0851, -14.7385, 47.113)
(-29.0754, -14.7365, 47.1197)
(-29.0632, -14.7309, 47.129)
(-29.0509, -14.7273, 47.1376)
(-29.0395, -14.7162, 47.1481)
(-29.0286, -14.7074, 47.1576)
(-29.0173, -14.7048, 47.1654)
(-29.0079, -14.7003, 47.1725)
(-28.9999, -14.682, 47.1832)
(-28.9876, -14.6594, 47.1977)
(-28.9766, -14.6502, 47.2074)
(-28.9614, -14.6291, 47.2232)
(-28.9485, -14.6134, 47.236)
(-28.932, -14.6007, 47.2501)
(-28.9168, -14.5984, 47.2601)
(-28.8911, -14.5916, 47.2779)
(-28.8848, -14.5915, 47.2817)
(-28.875, -14.5908, 47.288)
(-28.8674, -14.5835, 47.2948)
(-28.866, -14.571, 47.2995)
(-28.8656, -14.5575, 47.3039)
(-28.866, -14.5344, 47.3108)
(-28.8663, -14.5049, 47.3197)
(-28.867, -14.4774, 47.3277)
(-28.8657, -14.4482, 47.3374)
(-28.8622, -14.4224, 47.3474)
(-28.8602, -14.3981, 47.356)
(-28.8639, -14.3701, 47.3622)
(-28.868, -14.3524, 47.3651)
(-28.8709, -14.334, 47.3689)
(-28.8733, -14.3153, 47.3731)
(-28.8684, -14.2985, 47.3812)
(-28.8669, -14.2945, 47.3833)
(-28.8615, -14.2953, 47.3864)
(-28.8534, -14.2971, 47.3907)
(-28.8472, -14.3041, 47.3924)
(-28.8422, -14.3147, 47.3922)
(-28.8405, -14.3265, 47.3897)
(-28.8362, -14.3334, 47.3902)
(-28.8322, -14.3355, 47.392)
(-28.8315, -14.3434, 47.39)
(-28.8399, -14.3616, 47.3794)
(-28.8469, -14.3795, 47.3697)
(-28.8527, -14.3937, 47.3619)
(-28.8601, -14.4059, 47.3536)
(-28.8647, -14.4163, 47.3477)
(-28.8729, -14.426, 47.3398)
(-28.8831, -14.4404, 47.3292)
(-28.8952, -14.4536, 47.3177)
(-28.9002, -14.468, 47.3103)
(-28.9061, -14.4799, 47.303)
(-28.9064, -14.4938, 47.2986)
(-28.9043, -14.5044, 47.2966)
(-28.8999, -14.5129, 47.2967)
(-28.8926, -14.5212, 47.2986)
(-28.881, -14.5337, 47.3019)
(-28.8668, -14.5384, 47.3091)
(-28.8559, -14.5406, 47.3151)
(-28.8467, -14.5385, 47.3213)
(-28.8385, -14.5355, 47.3272)
(-28.8326, -14.5427, 47.3286)
(-28.8274, -14.5591, 47.3267)
(-28.8252, -14.571, 47.3244)
(-28.8207, -14.5793, 47.3246)
(-28.8067, -14.6016, 47.3262)
(-28.7891, -14.6145, 47.333)
(-28.7497, -14.6233, 47.3542)
(-28.7122, -14.6247, 47.3765)
(-28.6733, -14.6105, 47.4044)
(-28.6171, -14.6137, 47.4374)
(-28.5653, -14.6688, 47.4516)
(-28.5176, -14.7667, 47.45)
(-28.471, -14.8634, 47.4477)
(-28.4433, -14.887, 47.457)
(-28.4181, -14.8751, 47.4758)
(-28.4012, -14.8483, 47.4943)
(-28.3957, -14.8265, 47.5044)
(-28.3801, -14.8726, 47.4993)
(-28.3804, -14.8657, 47.5013)
(-28.3874, -14.8643, 47.4975)
(-28.3927, -14.8448, 47.5004)
(-28.4141, -14.7882, 47.5053)
(-28.4719, -14.6878, 47.5019)
(-28.5619, -14.6035, 47.4738)
(-28.6758, -14.6298, 47.397)
(-28.8683, -14.8156, 47.2221)
(-29.1182, -15.1956, 46.9471)
(-29.4746, -15.5045, 46.6226)
(-29.8499, -15.7188, 46.311)
(-30.202, -15.9399, 46.0061)
(-30.5869, -16.1286, 45.685)
(-30.9674, -16.2511, 45.3842)
(-31.4, -16.2464, 45.0877)
(-31.871, -16.1855, 44.778)
(-32.3783, -16.1523, 44.4247)
(-32.9615, -16.1446, 43.9965)
(-33.5682, -16.1215, 43.544)
(-34.1935, -16.0691, 43.0743)
(-34.888, -16.0393, 42.525)
(-35.5697, -16.1466, 41.9153)
(-36.3012, -16.1337, 41.2885)
(-37.0939, -15.7715, 40.7199)
(-37.8031, -15.3413, 40.229)
(-38.5502, -15.038, 39.6302)
(-39.326, -14.6745, 38.9991)
(-40.1363, -13.9085, 38.4505)
(-40.7667, -13.3145, 37.9949)
(-41.7097, -12.4723, 37.2498)
(-42.2899, -11.5263, 36.8987)
(-43.5085, -11.8361, 35.3515)
(-45.1373, -12.6403, 32.9493)
(-46.7309, -13.1632, 30.4263)
(-48.3, -12.984, 27.9523)
(-49.2678, -13.588, 25.9009)
(-51.0289, -14.5317, 21.6261)
(-52.4465, -15.5179, 17.0694)
(-52.0481, -17.8363, 15.9896)
(-51.225, -17.1466, 19.0998)
(-50.8872, -18.0296, 19.1894)
(-51.0355, -17.5731, 19.2191)
(-48.4612, -16.7582, 25.5632)
(-47.29, -15.5067, 28.3903)
(-46.1528, -14.34, 30.7748)
(-47.3489, -18.2711, 26.5906)
