(4.88509, 3.37943, 56.987)
(4.89359, 3.36922, 56.9869)
(4.90329, 3.35653, 56.9868)
(4.91336, 3.34649, 56.9865)
(4.92406, 3.34199, 56.9859)
(4.9365, 3.33917, 56.985)
(4.94963, 3.33672, 56.984)
(4.96167, 3.33448, 56.9831)
(4.97381, 3.33483, 56.982)
(4.98684, 3.33366, 56.9809)
(4.99965, 3.33048, 56.98)
(5.01136, 3.32521, 56.9793)
(5.02331, 3.31126, 56.979)
(5.03165, 3.29656, 56.9791)
(5.03714, 3.28159, 56.9795)
(5.0395, 3.26308, 56.9804)
(5.04331, 3.2421, 56.9812)
(5.04238, 3.23009, 56.982)
(5.04237, 3.21866, 56.9826)
(5.04424, 3.20588, 56.9832)
(5.04736, 3.18818, 56.9839)
(5.05001, 3.16947, 56.9847)
(5.05285, 3.14926, 56.9856)
(5.05562, 3.13333, 56.9862)
(5.05975, 3.11864, 56.9867)
(5.06767, 3.10085, 56.9869)
(5.07699, 3.0855, 56.9869)
(5.08204, 3.06557, 56.9876)
(5.08947, 3.04792, 56.9878)
(5.09449, 3.04203, 56.9877)
(5.10185, 3.0364, 56.9874)
(5.10839, 3.03494, 56.9868)
(5.11344, 3.03367, 56.9865)
(5.12092, 3.03528, 56.9857)
(5.12892, 3.04015, 56.9847)
(5.135, 3.04422, 56.984)
(5.14672, 3.04469, 56.9829)
(5.1617, 3.04427, 56.9815)
(5.1792, 3.03748, 56.9803)
(5.19514, 3.03179, 56.9792)
(5.21241, 3.02876, 56.9778)
(5.22911, 3.02903, 56.9762)
(5.24531, 3.02995, 56.9747)
(5.25787, 3.03601, 56.9732)
(5.27189, 3.04119, 56.9716)
(5.28371, 3.0465, 56.9702)
(5.29417, 3.0512, 56.969)
(5.30382, 3.05676, 56.9678)
(5.31316, 3.05986, 56.9668)
(5.32489, 3.06012, 56.9657)
(5.33116, 3.04671, 56.9658)
(5.34361, 3.03619, 56.9652)
(5.3574, 3.02864, 56.9643)
(5.37346, 3.02746, 56.9629)
(5.39079, 3.02634, 56.9613)
(5.42493, 3.03358, 56.9576)
(5.43106, 3.03756, 56.9569)
(5.43938, 3.04796, 56.9555)
(5.4455, 3.06468, 56.954)
(5.45283, 3.07893, 56.9526)
(5.4589, 3.09597, 56.951)
(5.46527, 3.11763, 56.9493)
(5.47276, 3.14095, 56.9473)
(5.48074, 3.16585, 56.9451)
(5.49336, 3.18899, 56.9426)
(5.50826, 3.21099, 56.9399)
(5.52296, 3.2312, 56.9374)
(5.53787, 3.24967, 56.9349)
(5.54935, 3.26896, 56.9326)
(5.5602, 3.28882, 56.9304)
(5.57208, 3.30764, 56.9282)
(5.58602, 3.32542, 56.9258)
(5.59847, 3.33567, 56.924)
(5.6099, 3.34664, 56.9222)
(5.61937, 3.35353, 56.9208)
(5.6312, 3.35872, 56.9194)
(5.64211, 3.36742, 56.9178)
(5.65345, 3.3765, 56.9161)
(5.66379, 3.38578, 56.9145)
(5.67302, 3.39595, 56.913)
(5.68054, 3.40765, 56.9116)
(5.68888, 3.4187, 56.9101)
(5.69718, 3.42778, 56.9087)
(5.7038, 3.43652, 56.9075)
(5.71063, 3.44573, 56.9063)
(5.7166, 3.4553, 56.9051)
(5.72254, 3.46479, 56.9039)
(5.72757, 3.47479, 56.9028)
(5.73273, 3.48487, 56.9017)
(5.7385, 3.49437, 56.9005)
(5.74439, 3.50243, 56.8994)
(5.7516, 3.50998, 56.8982)
(5.76018, 3.51652, 56.8969)
(5.77029, 3.52326, 56.8955)
(5.7819, 3.52985, 56.8939)
(5.79951, 3.53491, 56.8918)
(5.8159, 3.54061, 56.8898)
(5.83196, 3.54796, 56.8877)
(5.84529, 3.55597, 56.8858)
(5.85642, 3.56348, 56.8842)
(5.86541, 3.56944, 56.8829)
(5.87286, 3.57482, 56.8818)
(5.8749, 3.57661, 56.8815)
(5.87971, 3.57804, 56.8809)
(5.89007, 3.56857, 56.8804)
(5.91221, 3.54829, 56.8794)
(5.94952, 3.53679, 56.8762)
(5.9902, 3.53124, 56.8723)
(6.03373, 3.53066, 56.8677)
(6.10715, 3.50156, 56.8617)
(6.1718, 3.41068, 56.8602)
(6.21096, 3.3441, 56.8599)
(6.26909, 3.23813, 56.8596)
(6.32184, 3.17562, 56.8573)
(6.38178, 3.11368, 56.8541)
(6.43118, 3.06396, 56.8512)
(6.46184, 3.03636, 56.8492)
(6.48659, 2.94817, 56.851)
(6.50141, 2.88654, 56.8525)
(6.50394, 2.85998, 56.8535)
(6.53356, 2.81342, 56.8525)
(6.56633, 2.76455, 56.8511)
(6.57683, 2.7253, 56.8518)
(6.56433, 2.63789, 56.8573)
(6.46611, 2.55375, 56.8724)
(6.2267, 2.39407, 56.9061)
(5.83534, 2.20555, 56.9552)
(5.31073, 2.09741, 57.0106)
(4.76789, 2.06069, 57.0599)
(4.23556, 2.09099, 57.1007)
(3.7102, 2.0652, 57.1382)
(3.19781, 2.10165, 57.1679)
(2.70368, 2.09956, 57.1934)
(2.19025, 2.03495, 57.2177)
(1.60797, 1.95325, 57.2399)
(0.961882, 1.72144, 57.2618)
(0.224369, 1.60098, 57.273)
(-0.558991, 1.5649, 57.2717)
(-1.48921, 1.59337, 57.2543)
(-2.47988, 1.56928, 57.2206)
(-3.51692, 1.63596, 57.1643)
(-4.58177, 2.0823, 57.0743)
(-5.50437, 2.60249, 56.9714)
(-6.40469, 2.98493, 56.8584)
(-7.3738, 3.59599, 56.7054)
(-8.21505, 4.4102, 56.532)
(-8.95333, 5.14416, 56.3576)
(-10.0176, 5.85776, 56.1083)
(-10.5392, 6.80986, 55.9049)
(-12.1023, 6.4452, 55.6309)
(-13.9709, 6.18499, 55.2211)
(-15.7496, 6.65823, 54.6848)
(-17.8706, 7.29482, 53.9466)
(-19.9553, 7.28826, 53.2116)
(-24.1706, 6.43889, 51.5474)
(-28.5302, 5.71698, 49.3574)
(-30.1757, 5.82613, 48.3559)
(-28.4266, 9.61426, 48.8088)
(-28.8854, 10.3475, 48.3877)
(-29.8182, 12.7671, 47.2301)
(-25.1741, 16.0111, 48.9154)
(-22.7597, 17.9916, 49.4076)
(-19.9459, 18.8241, 50.3053)
(-23.1576, 13.5903, 50.6146)
