(-11.2258, 0.0595979, 56.1853)
(-11.2174, 0.0494561, 56.1869)
(-11.2078, 0.036761, 56.1889)
(-11.1979, 0.0267862, 56.1909)
(-11.1874, 0.0226937, 56.193)
(-11.1753, 0.0206176, 56.1954)
(-11.1627, 0.0199853, 56.1979)
(-11.1512, 0.0194006, 56.2001)
(-11.1395, 0.0214409, 56.2025)
(-11.1271, 0.0222284, 56.2049)
(-11.1147, 0.0205341, 56.2074)
(-11.1036, 0.0173007, 56.2096)
(-11.0923, 0.00618052, 56.2118)
(-11.0848, -0.00495158, 56.2133)
(-11.0801, -0.0160121, 56.2142)
(-11.0781, -0.0326207, 56.2146)
(-11.0752, -0.0492771, 56.2152)
(-11.076, -0.0617455, 56.215)
(-11.076, -0.0730924, 56.215)
(-11.0745, -0.0841768, 56.2153)
(-11.072, -0.098602, 56.2157)
(-11.0699, -0.114149, 56.2161)
(-11.0677, -0.131366, 56.2165)
(-11.0654, -0.145039, 56.2169)
(-11.0616, -0.158069, 56.2176)
(-11.0542, -0.17377, 56.2191)
(-11.0452, -0.187695, 56.2208)
(-11.0397, -0.209899, 56.2218)
(-11.0324, -0.227498, 56.2231)
(-11.0261, -0.239907, 56.2243)
(-11.0175, -0.251958, 56.226)
(-11.0097, -0.260119, 56.2274)
(-11.0034, -0.267886, 56.2286)
(-10.9951, -0.270726, 56.2303)
(-10.9864, -0.270093, 56.232)
(-10.9789, -0.27322, 56.2334)
(-10.9664, -0.277408, 56.2358)
(-10.9504, -0.283528, 56.2389)
(-10.9324, -0.293837, 56.2424)
(-10.916, -0.303001, 56.2455)
(-10.8984, -0.30837, 56.2489)
(-10.8816, -0.309456, 56.2521)
(-10.8655, -0.309444, 56.2552)
(-10.8526, -0.305602, 56.2577)
(-10.8387, -0.30096, 56.2605)
(-10.8269, -0.296224, 56.2628)
(-10.8165, -0.292036, 56.2648)
(-10.8069, -0.286678, 56.2666)
(-10.798, -0.28212, 56.2684)
(-10.7866, -0.280915, 56.2706)
(-10.7796, -0.297965, 56.2718)
(-10.7668, -0.311138, 56.2742)
(-10.7527, -0.32091, 56.2768)
(-10.7362, -0.325134, 56.28)
(-10.7186, -0.328498, 56.2833)
(-10.6844, -0.323511, 56.2898)
(-10.6779, -0.32159, 56.2911)
(-10.6689, -0.315123, 56.2928)
(-10.6623, -0.301497, 56.2942)
(-10.655, -0.287609, 56.2956)
(-10.6489, -0.271239, 56.2968)
(-10.6428, -0.248676, 56.2981)
(-10.636, -0.222618, 56.2995)
(-10.6288, -0.19483, 56.3009)
(-10.6173, -0.167304, 56.3032)
(-10.6035, -0.140863, 56.3059)
(-10.5899, -0.116308, 56.3085)
(-10.5763, -0.0926601, 56.3111)
(-10.5654, -0.0711953, 56.3132)
(-10.5553, -0.0485612, 56.3151)
(-10.5442, -0.0266788, 56.3172)
(-10.5309, -0.00676516, 56.3197)
(-10.5186, 0.00366297, 56.322)
(-10.507, 0.0127309, 56.3242)
(-10.4971, 0.0170143, 56.326)
(-10.4848, 0.0191262, 56.3283)
(-10.4732, 0.0238391, 56.3304)
(-10.4611, 0.0288742, 56.3327)
(-10.4502, 0.0345178, 56.3347)
(-10.4403, 0.0411518, 56.3365)
(-10.432, 0.0486805, 56.3381)
(-10.423, 0.0558872, 56.3397)
(-10.4141, 0.0615308, 56.3414)
(-10.4068, 0.0666613, 56.3427)
(-10.3994, 0.072818, 56.3441)
(-10.393, 0.0798934, 56.3452)
(-10.3866, 0.0867182, 56.3464)
(-10.3811, 0.0943782, 56.3474)
(-10.3756, 0.102408, 56.3484)
(-10.3696, 0.110068, 56.3495)
(-10.3634, 0.116726, 56.3506)
(-10.356, 0.123026, 56.352)
(-10.3473, 0.128311, 56.3536)
(-10.337, 0.133585, 56.3554)
(-10.3252, 0.138549, 56.3576)
(-10.3072, 0.141245, 56.3609)
(-10.2905, 0.144693, 56.3639)
(-10.2744, 0.151029, 56.3668)
(-10.2612, 0.158904, 56.3692)
(-10.2502, 0.166277, 56.3712)
(-10.2412, 0.171802, 56.3728)
(-10.2336, 0.176372, 56.3742)
(-10.2312, 0.17636, 56.3746)
(-10.2261, 0.175978, 56.3755)
(-10.2147, 0.161099, 56.3777)
(-10.1926, 0.140434, 56.3817)
(-10.1542, 0.122417, 56.3887)
(-10.1129, 0.112073, 56.3961)
(-10.0696, 0.110987, 56.4039)
(-9.99754, 0.0858591, 56.4167)
(-9.93372, -0.00279197, 56.4281)
(-9.89178, -0.0833893, 56.4354)
(-9.83418, -0.188052, 56.4452)
(-9.78481, -0.236005, 56.4536)
(-9.73046, -0.272885, 56.4628)
(-9.68681, -0.296271, 56.4702)
(-9.65997, -0.306294, 56.4747)
(-9.63606, -0.390602, 56.4783)
(-9.62428, -0.437528, 56.48)
(-9.6237, -0.454495, 56.4799)
(-9.5997, -0.474158, 56.4839)
(-9.57633, -0.477141, 56.4878)
(-9.57836, -0.453338, 56.4877)
(-9.60531, -0.465186, 56.483)
(-9.70788, -0.522314, 56.465)
(-9.94255, -0.695822, 56.4222)
(-10.3144, -0.964042, 56.3515)
(-10.8174, -1.14855, 56.2536)
(-11.3398, -1.24668, 56.1486)
(-11.8484, -1.28736, 56.0425)
(-12.355, -1.35213, 55.9315)
(-12.8499, -1.34531, 55.82)
(-13.3389, -1.31348, 55.706)
(-13.8519, -1.31094, 55.5807)
(-14.4278, -1.33578, 55.4334)
(-15.069, -1.47626, 55.259)
(-15.7884, -1.54575, 55.0558)
(-16.5468, -1.54418, 54.8327)
(-17.4372, -1.50707, 54.5571)
(-18.3735, -1.55812, 54.2475)
(-19.3554, -1.48773, 53.907)
(-20.3657, -1.0216, 53.5444)
(-21.2422, -0.463897, 53.2105)
(-22.0999, -0.00121701, 52.8621)
(-23.0124, 0.646711, 52.4673)
(-23.8209, 1.5987, 52.0847)
(-24.5162, 2.3845, 51.7308)
(-25.5157, 3.22452, 51.1992)
(-26.015, 4.2876, 50.8689)
(-27.4457, 4.09649, 50.1274)
(-29.127, 3.93616, 49.1826)
(-30.7035, 4.36452, 48.1773)
(-32.5605, 4.93257, 46.8859)
(-34.3342, 4.63132, 45.6346)
(-37.8608, 3.5626, 42.8565)
(-41.3823, 2.6026, 39.5416)
(-42.5785, 1.79977, 38.2968)
(-41.1884, 4.9045, 39.5255)
(-41.5152, 5.22947, 39.1401)
(-42.2532, 7.09641, 38.041)
(-38.3521, 9.49182, 41.4949)
(-36.3103, 11.3085, 42.8543)
(-33.9342, 12.3764, 44.4759)
(-36.6254, 7.4015, 43.4351)
