(2.9928, 11.8074, 55.986)
(2.99946, 11.8114, 55.9848)
(3.00926, 11.8132, 55.9839)
(3.0176, 11.8123, 55.9837)
(3.02691, 11.8138, 55.9828)
(3.03699, 11.8262, 55.9797)
(3.05189, 11.8322, 55.9776)
(3.0619, 11.8399, 55.9754)
(3.06148, 11.8918, 55.9644)
(3.06592, 11.9391, 55.9541)
(3.06269, 11.9918, 55.943)
(3.06005, 12.0466, 55.9314)
(3.07175, 12.0319, 55.9339)
(3.08139, 12.0147, 55.9371)
(3.07739, 12.0378, 55.9323)
(3.07584, 12.023, 55.9356)
(3.06658, 12.0455, 55.9313)
(3.05265, 12.0764, 55.9254)
(3.04345, 12.1076, 55.9191)
(3.02331, 12.184, 55.9036)
(3.01572, 12.2211, 55.8959)
(3.00553, 12.249, 55.8904)
(3.00325, 12.2501, 55.8903)
(2.99943, 12.2645, 55.8873)
(3.00322, 12.2513, 55.89)
(3.0105, 12.2299, 55.8943)
(3.01965, 12.2136, 55.8974)
(3.02067, 12.1921, 55.902)
(3.02534, 12.1791, 55.9046)
(3.02202, 12.1828, 55.904)
(3.02345, 12.174, 55.9058)
(3.02324, 12.1701, 55.9067)
(3.01983, 12.1694, 55.907)
(3.01776, 12.1689, 55.9072)
(3.01649, 12.1788, 55.9051)
(3.01896, 12.1761, 55.9056)
(3.02591, 12.1764, 55.9052)
(3.03457, 12.1917, 55.9013)
(3.05046, 12.1929, 55.9002)
(3.05808, 12.2121, 55.8956)
(3.07014, 12.2343, 55.8901)
(3.08622, 12.2385, 55.8883)
(3.1025, 12.2379, 55.8875)
(3.11171, 12.2461, 55.8852)
(3.12034, 12.2584, 55.882)
(3.13086, 12.2647, 55.8801)
(3.14077, 12.2701, 55.8783)
(3.14741, 12.28, 55.8758)
(3.15462, 12.2897, 55.8732)
(3.16528, 12.2951, 55.8714)
(3.168, 12.2853, 55.8734)
(3.1784, 12.2727, 55.8756)
(3.19047, 12.2639, 55.8769)
(3.20399, 12.2618, 55.8766)
(3.22107, 12.2528, 55.8775)
(3.25351, 12.2578, 55.8746)
(3.25702, 12.2594, 55.874)
(3.26072, 12.2688, 55.8717)
(3.26074, 12.2928, 55.8665)
(3.26765, 12.3066, 55.863)
(3.27364, 12.3204, 55.8596)
(3.28026, 12.34, 55.8549)
(3.28951, 12.3704, 55.8476)
(3.29725, 12.4043, 55.8397)
(3.31004, 12.4405, 55.8309)
(3.33029, 12.4546, 55.8265)
(3.34967, 12.4709, 55.8217)
(3.37013, 12.4841, 55.8175)
(3.38571, 12.4895, 55.8154)
(3.3986, 12.5021, 55.8118)
(3.41266, 12.5176, 55.8074)
(3.42786, 12.531, 55.8035)
(3.44094, 12.5361, 55.8016)
(3.45346, 12.5299, 55.8022)
(3.46207, 12.5207, 55.8037)
(3.48114, 12.4788, 55.8119)
(3.49352, 12.4661, 55.814)
(3.50696, 12.4493, 55.8169)
(3.51522, 12.4381, 55.8188)
(3.524, 12.4301, 55.8201)
(3.53274, 12.4126, 55.8234)
(3.54055, 12.4072, 55.8241)
(3.54891, 12.3807, 55.8295)
(3.55637, 12.3642, 55.8326)
(3.56237, 12.3577, 55.8337)
(3.5668, 12.3651, 55.8318)
(3.57193, 12.3675, 55.8309)
(3.57556, 12.3772, 55.8285)
(3.5791, 12.3871, 55.8261)
(3.58425, 12.3951, 55.824)
(3.58945, 12.4017, 55.8222)
(3.59584, 12.4094, 55.8201)
(3.60367, 12.4167, 55.818)
(3.61206, 12.4242, 55.8158)
(3.6208, 12.4338, 55.8131)
(3.63257, 12.445, 55.8098)
(3.64315, 12.4619, 55.8053)
(3.65282, 12.4935, 55.7976)
(3.65854, 12.5236, 55.7905)
(3.66722, 12.5319, 55.7881)
(3.67563, 12.5324, 55.7874)
(3.66802, 12.5598, 55.7817)
(3.6681, 12.5582, 55.7821)
(3.6675, 12.567, 55.7802)
(3.67266, 12.5603, 55.7813)
(3.69408, 12.5364, 55.7853)
(3.72704, 12.5204, 55.7867)
(3.76444, 12.5049, 55.7877)
(3.80363, 12.4979, 55.7866)
(3.87441, 12.4619, 55.7897)
(3.93539, 12.3695, 55.806)
(3.95685, 12.3077, 55.8182)
(4.01156, 12.2043, 55.837)
(4.06704, 12.147, 55.8455)
(4.1345, 12.0956, 55.8517)
(4.17974, 12.0695, 55.8539)
(4.20358, 12.0778, 55.8504)
(4.21341, 12.0172, 55.8627)
(4.22715, 11.9774, 55.8702)
(4.2131, 12.0074, 55.8648)
(4.23284, 12.0398, 55.8564)
(4.28027, 12.03, 55.8549)
(4.31588, 12.049, 55.848)
(4.33114, 12.045, 55.8477)
(4.22534, 12.0762, 55.8491)
(3.97014, 11.9905, 55.8862)
(3.52931, 11.8383, 55.9482)
(2.96332, 11.7521, 55.9992)
(2.39309, 11.708, 56.0357)
(1.8285, 11.7249, 56.0535)
(1.28943, 11.6908, 56.0756)
(0.770402, 11.7157, 56.0799)
(0.309992, 11.7065, 56.0863)
(-0.151958, 11.6465, 56.0994)
(-0.680557, 11.5548, 56.1144)
(-1.23998, 11.2189, 56.173)
(-1.91923, 10.9985, 56.1975)
(-2.64021, 10.8569, 56.1958)
(-3.52768, 10.7838, 56.1611)
(-4.50478, 10.6931, 56.1086)
(-5.49935, 10.6132, 56.035)
(-6.47484, 10.6887, 55.9163)
(-7.28283, 10.7572, 55.8037)
(-8.06565, 10.6478, 55.7169)
(-8.9268, 10.7132, 55.5729)
(-9.62331, 11.0556, 55.3893)
(-10.2757, 11.3405, 55.2142)
(-11.2001, 11.6661, 54.9661)
(-11.6384, 12.3539, 54.7242)
(-13.1264, 11.834, 54.5019)
(-14.9483, 11.3552, 54.1333)
(-16.9604, 11.1835, 53.5731)
(-19.6699, 10.7056, 52.738)
(-22.2837, 10.1701, 51.7959)
(-26.9464, 8.69514, 49.8105)
(-31.6043, 7.8164, 47.1474)
(-33.7472, 7.75249, 45.649)
(-32.6422, 12.2132, 45.4767)
(-33.5314, 13.4344, 44.4743)
(-34.647, 15.9789, 42.7442)
(-30.6787, 19.0261, 44.4931)
(-28.5835, 21.0367, 44.9805)
(-26.0236, 22.0739, 46.0252)
(-29.1628, 17.1843, 46.2281)
