(1.81036, 4.24195, 57.1098)
(1.82278, 4.23729, 57.1098)
(1.83758, 4.23723, 57.1093)
(1.85343, 4.236, 57.1089)
(1.87535, 4.25181, 57.107)
(1.89105, 4.29918, 57.103)
(1.90664, 4.36385, 57.0975)
(1.91089, 4.45885, 57.09)
(1.92044, 4.56374, 57.0814)
(1.92561, 4.62904, 57.076)
(1.93226, 4.6511, 57.074)
(1.9372, 4.65943, 57.0731)
(1.93117, 4.68662, 57.0711)
(1.9306, 4.68424, 57.0713)
(1.93342, 4.67502, 57.072)
(1.92681, 4.67616, 57.0721)
(1.92382, 4.67299, 57.0725)
(1.8872, 4.7645, 57.0661)
(1.87061, 4.79001, 57.0646)
(1.85297, 4.82097, 57.0625)
(1.84596, 4.84768, 57.0605)
(1.84094, 4.8506, 57.0604)
(1.82978, 4.87059, 57.0591)
(1.81423, 4.91255, 57.056)
(1.80924, 4.92459, 57.0551)
(1.81586, 4.90779, 57.0563)
(1.81216, 4.93352, 57.0542)
(1.81352, 4.92079, 57.0553)
(1.81989, 4.91004, 57.056)
(1.81636, 4.93321, 57.0541)
(1.81042, 4.97868, 57.0503)
(1.81299, 5.04189, 57.0447)
(1.82371, 5.08362, 57.0407)
(1.8369, 5.09687, 57.0391)
(1.85503, 5.11183, 57.0371)
(1.87047, 5.14437, 57.0337)
(1.88935, 5.15736, 57.0319)
(1.91794, 5.14222, 57.0323)
(1.94779, 5.11775, 57.0335)
(1.96677, 5.10913, 57.0336)
(1.98811, 5.10362, 57.0334)
(2.01055, 5.10821, 57.0322)
(2.03366, 5.11487, 57.0308)
(2.05174, 5.12929, 57.0288)
(2.06636, 5.15283, 57.0262)
(2.08129, 5.188, 57.0224)
(2.09891, 5.20945, 57.0198)
(2.11368, 5.23994, 57.0165)
(2.1227, 5.29374, 57.0112)
(2.13307, 5.33072, 57.0074)
(2.1335, 5.35813, 57.0048)
(2.13238, 5.40357, 57.0005)
(2.14045, 5.41358, 56.9993)
(2.14231, 5.43748, 56.9969)
(2.14904, 5.44708, 56.9958)
(2.17641, 5.45921, 56.9936)
(2.18092, 5.46181, 56.9931)
(2.18694, 5.46691, 56.9924)
(2.18949, 5.48231, 56.9908)
(2.1936, 5.49435, 56.9895)
(2.19732, 5.51292, 56.9876)
(2.20229, 5.5346, 56.9853)
(2.20744, 5.56204, 56.9824)
(2.2154, 5.58961, 56.9794)
(2.22763, 5.60919, 56.977)
(2.24266, 5.62158, 56.9752)
(2.25728, 5.60374, 56.9764)
(2.27311, 5.61958, 56.9742)
(2.28547, 5.6333, 56.9724)
(2.29646, 5.65333, 56.9699)
(2.3086, 5.67034, 56.9677)
(2.32213, 5.68327, 56.9659)
(2.32998, 5.67966, 56.9659)
(2.33376, 5.66138, 56.9676)
(2.33146, 5.66651, 56.9672)
(2.32666, 5.66854, 56.9672)
(2.32312, 5.67766, 56.9664)
(2.32043, 5.67922, 56.9664)
(2.31624, 5.67621, 56.9669)
(2.3098, 5.64797, 56.9699)
(2.30548, 5.62078, 56.9728)
(2.30479, 5.5923, 56.9756)
(2.302, 5.57145, 56.9778)
(2.29659, 5.5595, 56.9792)
(2.29825, 5.55836, 56.9792)
(2.29846, 5.5563, 56.9794)
(2.2961, 5.55646, 56.9795)
(2.29394, 5.55972, 56.9792)
(2.29403, 5.5628, 56.9789)
(2.29468, 5.56245, 56.9789)
(2.29055, 5.54179, 56.9811)
(2.29127, 5.54654, 56.9806)
(2.29402, 5.54695, 56.9805)
(2.29981, 5.55459, 56.9795)
(2.30419, 5.56185, 56.9786)
(2.30981, 5.57782, 56.9768)
(2.31234, 5.60085, 56.9745)
(2.32001, 5.6231, 56.972)
(2.32547, 5.64461, 56.9696)
(2.32068, 5.69278, 56.965)
(2.32087, 5.7104, 56.9632)
(2.32474, 5.72434, 56.9617)
(2.3109, 5.76664, 56.958)
(2.2921, 5.85365, 56.9499)
(2.292, 5.86265, 56.949)
(2.29878, 5.87834, 56.9471)
(2.33114, 5.86918, 56.9467)
(2.3697, 5.86886, 56.9451)
(2.40772, 5.88398, 56.942)
(2.48285, 5.86582, 56.9406)
(2.54824, 5.77729, 56.9468)
(2.58269, 5.71505, 56.9515)
(2.62997, 5.63207, 56.9576)
(2.68013, 5.58618, 56.9598)
(2.7302, 5.56521, 56.9595)
(2.76109, 5.58723, 56.9558)
(2.7807, 5.62909, 56.9507)
(2.79714, 5.59604, 56.9532)
(2.8083, 5.5699, 56.9552)
(2.80886, 5.61819, 56.9504)
(2.84635, 5.64639, 56.9458)
(2.89045, 5.67795, 56.9404)
(2.89998, 5.76705, 56.931)
(2.89264, 5.75384, 56.9327)
(2.79665, 5.69893, 56.943)
(2.54406, 5.59135, 56.9655)
(2.13259, 5.45823, 56.9953)
(1.58253, 5.43069, 57.0159)
(1.01508, 5.45113, 57.0268)
(0.454322, 5.50947, 57.0285)
(-0.0988855, 5.55554, 57.0257)
(-0.622869, 5.6308, 57.015)
(-1.10355, 5.68673, 57.0022)
(-1.60082, 5.72725, 56.9863)
(-2.16738, 5.76205, 56.9641)
(-2.79023, 5.53973, 56.959)
(-3.52975, 5.21304, 56.9489)
(-4.3327, 4.95491, 56.9165)
(-5.28609, 4.78935, 56.85)
(-6.30859, 4.52444, 56.7674)
(-7.34427, 4.52939, 56.6423)
(-8.42456, 4.81676, 56.468)
(-9.35491, 5.27543, 56.2802)
(-10.2399, 5.64072, 56.0904)
(-11.2261, 6.15275, 55.8473)
(-12.0597, 6.93212, 55.5816)
(-12.8124, 7.59733, 55.3257)
(-13.9009, 8.20405, 54.9751)
(-14.5623, 8.80857, 54.7097)
(-16.1568, 8.29739, 54.3408)
(-18.0007, 8.00562, 53.8023)
(-19.5201, 8.65479, 53.1683)
(-21.3725, 9.28277, 52.3436)
(-23.1451, 9.32472, 51.5767)
(-27.0072, 8.54164, 49.8042)
(-30.9373, 7.56815, 47.6279)
(-32.3549, 7.36044, 46.7096)
(-30.4816, 10.9455, 47.2639)
(-30.8119, 11.5495, 46.9046)
(-31.6209, 13.8372, 45.7325)
(-27.0514, 16.913, 47.5918)
(-24.618, 18.8389, 48.1857)
(-21.781, 19.6829, 49.2034)
(-24.9023, 14.4903, 49.5249)
