(3.58544, 8.75254, 56.5097)
(3.59286, 8.7533, 56.5091)
(3.6032, 8.75334, 56.5084)
(3.61212, 8.7501, 56.5084)
(3.62125, 8.75294, 56.5073)
(3.63213, 8.76133, 56.5053)
(3.64647, 8.76943, 56.5032)
(3.65656, 8.77578, 56.5015)
(3.65929, 8.81137, 56.4958)
(3.66614, 8.84598, 56.49)
(3.66588, 8.88361, 56.4841)
(3.66693, 8.91916, 56.4784)
(3.67789, 8.90591, 56.4798)
(3.68639, 8.89123, 56.4815)
(3.68382, 8.90398, 56.4797)
(3.68123, 8.89279, 56.4816)
(3.67305, 8.9062, 56.48)
(3.66036, 8.93231, 56.4767)
(3.65113, 8.96467, 56.4722)
(3.63302, 9.03113, 56.4628)
(3.62524, 9.06752, 56.4575)
(3.61391, 9.09929, 56.4531)
(3.61089, 9.10184, 56.4529)
(3.6081, 9.10939, 56.4518)
(3.61029, 9.10307, 56.4527)
(3.61598, 9.08818, 56.4547)
(3.62424, 9.0754, 56.4562)
(3.62496, 9.05822, 56.459)
(3.62911, 9.04831, 56.4603)
(3.62691, 9.05368, 56.4596)
(3.62879, 9.04961, 56.4601)
(3.62893, 9.0511, 56.4598)
(3.6261, 9.05434, 56.4595)
(3.62116, 9.07354, 56.4567)
(3.61744, 9.10097, 56.4526)
(3.61914, 9.10979, 56.451)
(3.62528, 9.11956, 56.4491)
(3.63375, 9.14305, 56.4447)
(3.64849, 9.1549, 56.4418)
(3.65764, 9.17124, 56.4386)
(3.67157, 9.1878, 56.435)
(3.68758, 9.1947, 56.4328)
(3.70384, 9.19586, 56.4316)
(3.71342, 9.20516, 56.4294)
(3.72243, 9.21671, 56.427)
(3.73273, 9.22542, 56.4249)
(3.74219, 9.23407, 56.4228)
(3.74885, 9.24464, 56.4206)
(3.75627, 9.2523, 56.4189)
(3.76741, 9.25513, 56.4177)
(3.77134, 9.24318, 56.4194)
(3.78233, 9.23087, 56.4207)
(3.79487, 9.22252, 56.4212)
(3.80915, 9.22038, 56.4206)
(3.8261, 9.21493, 56.4203)
(3.85905, 9.22121, 56.417)
(3.86266, 9.22455, 56.4163)
(3.86694, 9.23523, 56.4142)
(3.86765, 9.25931, 56.4102)
(3.8744, 9.27449, 56.4073)
(3.88008, 9.29068, 56.4042)
(3.88585, 9.31386, 56.4)
(3.89455, 9.3449, 56.3942)
(3.90122, 9.38191, 56.3876)
(3.91295, 9.42015, 56.3805)
(3.931, 9.44147, 56.3756)
(3.94873, 9.46243, 56.3709)
(3.96729, 9.48077, 56.3665)
(3.98101, 9.49366, 56.3634)
(3.99248, 9.51109, 56.3596)
(4.00545, 9.52947, 56.3556)
(4.01964, 9.54643, 56.3517)
(4.03223, 9.55438, 56.3495)
(4.04347, 9.55653, 56.3483)
(4.05121, 9.55427, 56.3481)
(4.06813, 9.52562, 56.3517)
(4.07995, 9.51955, 56.3519)
(4.09239, 9.5116, 56.3524)
(4.10077, 9.5031, 56.3532)
(4.10998, 9.49609, 56.3537)
(4.11795, 9.48621, 56.3548)
(4.12545, 9.48592, 56.3543)
(4.13229, 9.46965, 56.3565)
(4.13868, 9.46148, 56.3574)
(4.14417, 9.46028, 56.3572)
(4.1489, 9.46878, 56.3554)
(4.15406, 9.47361, 56.3542)
(4.15818, 9.48335, 56.3523)
(4.16221, 9.493, 56.3504)
(4.16757, 9.50187, 56.3485)
(4.17299, 9.50895, 56.3469)
(4.17971, 9.51647, 56.3451)
(4.18798, 9.52326, 56.3434)
(4.19684, 9.5303, 56.3415)
(4.20594, 9.54022, 56.3392)
(4.21859, 9.55013, 56.3365)
(4.23055, 9.56328, 56.3334)
(4.24268, 9.58507, 56.3288)
(4.25003, 9.60824, 56.3243)
(4.25839, 9.61881, 56.3219)
(4.26573, 9.62531, 56.3202)
(4.25893, 9.65015, 56.3165)
(4.25885, 9.65095, 56.3163)
(4.25845, 9.66083, 56.3147)
(4.26389, 9.65843, 56.3147)
(4.28467, 9.63896, 56.3164)
(4.31853, 9.62611, 56.316)
(4.356, 9.6163, 56.3148)
(4.39441, 9.61529, 56.312)
(4.46403, 9.58423, 56.3118)
(4.5243, 9.49588, 56.322)
(4.5468, 9.44351, 56.329)
(4.60055, 9.34581, 56.3409)
(4.65307, 9.29181, 56.3455)
(4.71568, 9.24387, 56.3482)
(4.75406, 9.22985, 56.3473)
(4.77408, 9.24311, 56.3434)
(4.78285, 9.18548, 56.3521)
(4.79436, 9.14425, 56.3578)
(4.78135, 9.16129, 56.3561)
(4.80048, 9.17462, 56.3524)
(4.84072, 9.16023, 56.3513)
(4.86769, 9.16485, 56.3482)
(4.87305, 9.13982, 56.3518)
(4.76912, 9.13143, 56.362)
(4.51898, 9.02292, 56.4001)
(4.09047, 8.86919, 56.4572)
(3.53548, 8.7788, 56.5088)
(2.97114, 8.74063, 56.5471)
(2.4144, 8.76245, 56.5703)
(1.87759, 8.73126, 56.5955)
(1.35856, 8.76086, 56.6057)
(0.885862, 8.75748, 56.6156)
(0.406342, 8.69814, 56.6302)
(-0.139167, 8.61163, 56.6447)
(-0.72653, 8.3074, 56.6857)
(-1.42631, 8.11612, 56.7001)
(-2.16562, 8.00321, 56.6927)
(-3.06719, 7.95654, 56.6577)
(-4.05018, 7.8813, 56.6064)
(-5.0587, 7.82686, 56.5328)
(-6.06076, 7.97227, 56.4138)
(-6.90019, 8.13319, 56.2943)
(-7.71805, 8.11202, 56.191)
(-8.61257, 8.29582, 56.034)
(-9.3509, 8.70326, 55.8536)
(-10.0291, 9.04772, 55.6809)
(-10.9889, 9.40156, 55.4406)
(-11.4571, 10.0895, 55.2245)
(-12.976, 9.54777, 54.9843)
(-14.821, 9.05139, 54.6005)
(-16.8449, 8.90605, 54.0346)
(-19.5617, 8.42292, 53.1902)
(-22.1358, 7.72063, 52.28)
(-26.7627, 6.0625, 50.2972)
(-31.3969, 5.06379, 47.6592)
(-33.4157, 4.9219, 46.2814)
(-32.2992, 9.23214, 46.4148)
(-33.1553, 10.3307, 45.572)
(-34.2829, 12.8523, 44.0716)
(-30.1186, 15.9614, 46.0533)
(-27.9681, 17.9893, 46.6581)
(-25.3875, 18.9981, 47.7216)
(-28.5337, 13.9548, 47.6854)
