3845
3783
3091
4005
4068
3893
4335
4821
7960
3509
3920
4098
2991
3814
4223
4228
4093
3066
4220
4486
4120
2126
2741
4414
5468
3772
8098
5423
4951
3522
2330
3274
4599
3201
3470
4070
10346
4874
4373
5282
4177
4232
3687
6850
3500
3957
2990
4300
4059
4716
5598
5029
2457
3571
4420
2940
6895
3411
4326
4032
4093
2944
4018
5756
3940
3502
7241
3551
7081
4894
5615
6816
3401
3168
3098
3890
3800
7411
4296
4220
7067
2978
4153
4165
4138
4005
4112
4433
3254
4374
4326
4586
4416
3103
3612
6134
2842
4145
4186
4491
3161
4261
3810
4491
3349
4576
4161
6695
4531
6151
3025
4473
3955
7006
5027
4694
4543
4441
4714
3812
3504
4241
3507
4203
3083
4441
3459
4924
3657
6679
5684
5479
4115
4371
5035
8130
5373
2329
6970
7656
3752
4884
3873
6895
3356
3965
4092
4363
4950
4360
4212
5791
2631
3988
4130
2420
3476
4165
3822
3895
4692
3570
3627
2084
2385
3460
2375
2940
4155
6878
4328
7308
3464
2146
4185
3348
4120
5898
4255
4012
3627
3442
3924
3869
3950
3539
2947
4719
4521
4248
3497
3625
5868
2489
3609
3031
5024
7204
4606
3233
4444
3514
6897
6114
3962
5370
8476
3025
5913
4213
3103
4221
2916
8909
4496
4003
4032
5238
4468
8820
4719
4433
4105
3046
3867
3993
3223
4042
5889
6886
4286
4919
2910
4520
4350
2528
2989
4676
4996
5210
4833
3329
3151
3612
2249
3798
4150
3474
4345
3288
4372
4478
3373
7178
4395
5069
5523
6948
6400
2708
6430
6958
4213
5886
4240
3687
6590
4112
3624
4199
3043
4446
4323
2920
3733
7315
4523
3176
3065
3094
4336
4719
7003
3031
3945
2403
4936
3970
6911
4151
3191
3281
4123
3925
6330
3987
4911
4708
4702
4889
4088
3887
3679
2217
3048
5563
6550
3580
3612
5114
3008
4275
3970
4003
4155
4360
3809
2931
4132
4272
2890
8163
3607
4231
5310
4326
4751
7689
3219
4631
5010
4393
4401
5678
4562
3944
3071
3216
4018
2364
4949
5754
3316
6613
5435
3822
3138
10202
3294
9337
7153
7973
4915
6555
5458
3296
3681
6768
6336
7101
7420
4356
7542
7093
6755
3484
3802
2653
4321
4346
8706
4098
3706
5069
3775
8015
2818
3554
7169
4484
4095
4599
6119
4616
4924
4363
4010
4388
3171
4719
5395
5507
4383
5062
4736
4439
4806
6580
3962
3928
4202
4258
6717
3709
4732
4945
6057
4984
4418
4871
2851
4405
4598
3955
4248
3817
6462
3376
4193
3948
4180
3173
7612
4436
4208
4110
4077
8178
4153
4516
4425
7003
3224
5605
4288
4441
3785
3890
7369
7995
4639
5394
2938
3349
6247
3288
8371
3842
2479
3363
4077
3025
2492
4318
3288
4225
4273
3742
4165
2964
4474
4110
74990
2435
4353
4032
3537
3559
6339
5668
3889
3677
2519
6483
6374
7120
7780
3649
4271
3539
6082
5580
7105
5493
4218
4891
3667
6768
7086
3634
3292
4538
4440
4461
6610
3932
4430
7186
6928
5267
4205
7086
3311
4654
4565
7016
3138
4284
3980
4238
4130
4145
4399
5257
3088
4541
7279
4962
2134
2426
3817
4401
4326
3436
4143
2800
4576
4170
3234
4280
3850
4559
45483
2287
2104
4803
6682
3722
3938
4286
4048
4303
6008
3699
4030
7699
6585
3509
6412
3013
4083
8373
4537
2623
8438
4753
4183
3962
4270
2738
3191
3053
4491
3604
4747
4286
4172
4561
4378
4242
4063
4366
4709
4767
4688
3176
3572
3146
4711
3456
3095
4628
3141
4095
5473
5287
4175
4403
3712
2835
3990
3974
3945
4350
3657
3078
7381
3306
8872
6209
3416
4501
4451
6247
4594
3797
3226
4623
7381
6870
6951
74229
4508
5871
6369
3830
5191
7278
4916
4451
3920
4095
3980
7239
4609
3444
4418
4081
6815
3697
5937
3542
4310
3009
7878
7812
6184
4236
4691
4068
4576
4173
4189
4851
3181
3664
3203
3920
6552
4308
4498
3787
7367
4602
6877
4150
4093
4659
7226
5704
5528
5002
4644
6755
4105
6991
4161
4012
7076
3351
7566
3083
6830
4942
8093
4553
9465
3950
3579
3397
3344
4466
3311
4562
4879
5197
7268
5521
4641
6492
6723
5120
4333
4884
4879
4887
4250
7345
3381
4819
7817
3522
3484
4171
2315
2785
3805
4054
3043
2891
4018
4125
6993
4342
3769
4666
3920
3662
4017
2282
2334
4029
2144
3383
3194
8409
4331
7752
4376
3747
8996
7957
6625
4445
2602
3993
4553
7053
4325
3250
4225
4066
3987
6271
3827
6495
6395
4175
3472
3527
7930
5893
7068
3640
5921
3963
3081
5839
4138
4055
6800
5340
3366
4556
4546
4013
2881
4135
3624
2727
6549
7578
7489
4703
7980
4358
3404
4837
4077
5568
3805
3161
5430
5668
4503
4251
7003
5490
4571
4940
7351
7844
9335
4358
3787
6668
4131
4055
2760
4311
4158
4324
4521
3489
3654
3754
3386
4541
4962
5522
2953
6459
3557
3930
3717
4241
7096
6785
6512
4481
4323
4453
4768
4120
4179
2900
3787
3691
2878
4211
3802
3642
4390
7900
5743
4694
6657
6993
4090
4528
4161
4994
4456
4293
2981
7739
4890
4351
4883
6449
5272
9327
7621
6492
3554
4654
2931
3191
2925
4148
3814
6390
4077
5358
4436
4105
2782
4438
2322
5035
4218
4715
4039
3875
3306
4170
5042
5804
3419
3314
3363
4441
4583
3561
3855
3805
3312
3975
4536
3749
4486
3268
5009
4717
6166
4346
3764
4123
4946
2913
4312
3258
4260
5366
4940
6384
2224
3311
3682
3226
4385
3514
3937
7236
3767
6816
2973
2281
4037
3043
5640
4291
4000
4493
3296
4411
4052
3652
6762
8594
4779
4408
3089
4694
4251
4173
4011
4295
4418
4303
3159
4431
3063
3602
4145
4458
4857
3639
3907
6227
3214
4433
4243
4504
4293
3897
3103
4346
4484
5423
3389
4523
5858
4647
3331
3621
3459
4208
4263
2896
3888
4311
4125
4295
3211
4234
5991
3129
3602
3026
4216
4588
4717
6645
3399
7882
3243
7106
7366
6748
8218
3680
3822
2995
3276
5127
3103
4252
4701
4222
4786
2921
4088
4050
5197
3412
4105
4210
2920
7484
5127
8283
7376
3572
3935
4506
5052
3348
2632
4393
3987
4492
3591
2855
3189
3902
4368
4441
7834
6474
3264
3953
4137
3978
3682
4336
2903
8389
6301
3256
4153
6287
5187
6928
6315
4288
6773
5082
3126
4238
4070
2782
4137
4293
4310
4609
4666
8546
4699
3154
3927
3779
5044
3024
2965
3692
3671
2943
4688
3328
4000
7802
3902
4308
4378
4767
7734
4040
3923
3922
6479
4341
4596
2319
3252
4210
4043
4478
2857
3884
4887
4368
3765
4053
4316
4093
4093
4270
3672
7236
6477
4636
8221
3709
6910
7299
4355
3556
3878
3807
4310
4165
4396
4143
3248
3835
3895
3346
3609
3415
4147
4036
7697
3781
5440
4188
4789
4634
4153
4118
3852
4497
8120
4722
3652
3943
6327
3303
2490
4355
7046
2825
4514
6028
4511
3890
4403
3317
4275
4204
2120
3880
3858
4461
6921
4679
8028
4683
4503
11800
6381
4561
3850
3534
4428
8191
4013
5738
4173
4957
5190
4005
3957
3897
4250
4048
4411
6509
3942
6675
4520
3869
5298
4255
6562
5898
5828
4270
7407
4416
4274
5069
4805
5082
3840
7102
8408
6631
4369
3987
7256
5608
4177
4268
5160
4473
4579
4251
6765
6983
4312
4175
2171
3674
3847
3143
4281
7606
4141
4506
4521
3895
7351
4283
3955
4047
4170
4188
4478
4170
2943
4133
3093
4027
78967
5027
5069
4142
4048
4236
3085
4070
4142
3101
4194
4238
4138
7391
6424
5936
6590
6938
7035
3471
5137
8839
3477
7452
7813
4653
6508
4549
4282
3936
3274
4469
4606
4095
4300
4381
8970
4503
4406
4095
4489
35085
3774
4741
7191
5052
7421
4880
4491
3672
6589
4196
4215
4296
3451
4556
4177
4303
4539
4218
4445
4403
3937
3960
3144
4226
3116
4113
4037
3156
4088
4328
4356
4088
3927
4461
4207
3774
4260
3150
6840
7727
4999
4253
6239
7093
4195
4871
6926
6177
5909
6903
7106
4030
3342
3359
3634
4411
4721
3449
6918
3080
4018
4601
7993
3742
5307
7258
4719
4125
3744
4196
4761
4879
4609
6402
5416
3389
4275
4383
6532
5046
4822
3675
3742
4420
3814
4055
4553
3567
3740
4248
3392
4410
4454
4148
3176
5069
3204
4364
5039
3074
3081
6820
3389
4682
7732
4195
2959
4363
4560
3839
4476
3161
4108
4192
4638
5144
4564
4759
6407
5209
6735
2795
2166
2144
9027
4193
2939
4103
3564
4762
4398
7646
4368
4296
6943
6941
7154
5650
3925
3699
4373
3764
4040
3333
2975
4107
4879
3949
4546
3121
7116
4448
4679
3113
6444
4449
7519
3654
4178
3018
3169
3281
4646
3339
3586
4510
4248
3912
3920
4290
8511
5165
4048
3937
3123
3339
4408
3123
2984
3890
3527
4175
7442
4095
4111
3898
4188
4151
4428
4170
4183
4198
4245
3346
4102
4231
4464
3907
4298
4220
3123
5115
4320
7397
8025
3927
3550
4731
6918
5978
4440
4270
6680
4283
4265
6444
4343
4971
4528
5096
6790
3013
4243
4012
2021
2244
4183
4030
4436
4483
4103
4403
4283
4275
4055
4524
3797
4324
3832
3883
4058
4561
7444
2945
8308
4270
4324
4947
3550
7541
2610
2447
5572
6289
5032
2976
2928
5317
3794
4932
4734
4455
4989
4306
3504
4324
7750
4135
7316
3789
4180
4797
3399
3521
3817
2142
4136
3913
7609
4716
3486
4561
4737
7178
3243
4090
4511
3967
6835
6149
77154
6971
4170
4408
4533
4213
3358
4141
4010
5894
4388
3719
5195
5442
3319
4030
6933
5684
4019
4929
4173
5230
3499
7211
6146
7557
3163
4603
3903
4543
6137
4408
3489
4278
5232
3892
4072
2174
3178
4261
4723
4007
7394
5087
3414
4966
4503
4150
4427
3204
8345
4165
3076
4660
4346
3609
3657
6718
4859
7218
4155
4010
3381
4427
3409
4613
8015
7228
4531
3845
4135
3569
4192
4178
7068
4463
7449
4208
4577
4263
4371
4125
3699
3294
3620
8506
6780
6607
3997
4032
4691
7847
3550
4245
4812
4937
3309
2755
4186
3008
3385
3161
3982
3279
4110
3174
3236
7421
3464
2831
2107
4020
4538
4694
4436
5100
5069
4617
6861
6404
7820
3990
3807
3577
7063
4318
4070
7794
4161
5806
4201
4185
4128
4273
6342
4744
5024
5463
3263
4378
7208
4388
4167
3136
4231
3146
4083
4165
3297
4456
4204
6940
6132
2985
4576
4972
4260
4924
7845
5838
4899
3672
4631
7975
4143
4301
7369
4501
4621
4251
4636
4919
4133
4048
5513
4661
5975
3005
4942
3431
4063
6028
3469
3554
7562
5625
3831
4388
4330
4494
3129
7216
3952
4240
4072
3771
4216
5726
4469
4479
4210
4001
3877
4002
3126
3479
3374
3970
3890
2758
2239
2853
6518
4548
4446
4375
4245
4071
3546
4206
4283
4055
4200
2848
3113
5260
4576
4775
4150
4103
4238
3833
6231
4218
4180
6933
3383
3131
7794
8721
3837
3544
4201
4531
4320
4067
5841
7321
8603
8243
5592
3526
4130
4446
4268
3138
5499
3061
4381
3156
7031
4413
6552
8121
6427
6513
4394
5290
6530
4069
6239
7124
6618
4408
3138
4306
4769
4443
3373
4005
4286
11767
4319
4510
3953
3799
2843
3019
4156
2174
2592
5387
3454
4066
2620
6156
3253
3499
3597
4005
3188
4275
2950
3935
3151
4673
3491
5695
3460
5034
3444
3429
3740
3096
5713
4366
4306
4188
4669
6196
4181
3512
4465
2620
6051
6727
6570
6622
4644
3782
4230
3507
4782
7151
3579
6815
4180
2890
4326
3824
3838
3083
4346
4238
4478
4173
3071
3902
4127
3847
4664
6554
4205
4283
4153
4311
4366
4395
3795
4885
3220
5503
5027
3341
3336
3973
7161
2204
3970
4301
3030
4466
4413
4170
4288
4468
4959
4116
3830
3388
4293
7822
3650
3614
6204
4358
3489
4784
4130
3381
3847
3905
4153
4117
4007
3049
4010
3161
4440
4483
4284
3910
4330
3962
7472
4378
6953
4266
4075
3907
4739
4464
4286
4543
3246
4230
4278
2682
3887
4719
4283
4423
7221
7434
4637
4636
7427
4444
6772
7865
7249
4456
4633
4043
4256
3273
4280
4596
4448
4153
4439
3895
3956
4231
4103
3279
3762
4215
7139
3687
6968
6050
4764
4531
4829
4198
4061
3866
4005
4261
4160
4177
4416
3731
8080
6517
3318
4024
4196
4638
2951
4203
4280
4368
3041
3719
4896
4461
4156
2833
3817
3932
6126
4370
3667
4662
4902
7143
6733
4298
4464
4809
4738
2665
4439
4687
3324
4065
4275
2785
4369
4292
5567
3760
4130
2502
4646
2542
6996
3343
2981
4188
4075
4063
70694
3271
3651
3466
5586
7406
4381
4240
7256
6670
4374
5110
3101
4551
2975
3741
2883
3139
4258
2322
4238
4541
3740
6502
7867
7660
4508
3176
2510
3614
3943
3722
2560
3769
3848
4040
4102
4218
3897
2726
4129
4533
3184
4155
4173
4606
6039
4401
4523
3279
5052
6910
3572
7655
4312
3614
4350
6535
4049
4388
6920
4521
4683
4000
3038
4208
4008
4146
4180
3158
4215
4286
8005
6860
4451
3915
3727
3942
4356
3258
3882
4260
4609
6264
6831
4353
4511
5437
3960
6645
3362
3189
3991
4303
3469
4495
3326
4213
4225
4461
4145
4078
4460
3236
4101
3987
5034
7680
4674
5034
4681
8271
4556
4155
4977
6850
5763
4095
3284
4503
3857
3351
4165
4002
4424
4171
4524
4151
3168
3700
3943
4693
4538
3512
4023
2975
4453
7702
4990
4466
4158
4428
7552
5044
3554
6748
6752
4190
7675
4501
4318
6475
6738
5383
6338
4091
6806
3954
5130
3316
3536
3562
7454
7822
6821
3589
4835
4694
4046
3907
3249
5364
4686
4163
4637
4206
3607
4223
3929
7000
4290
4290
4398
3890
4051
4168
6137
4140
4294
4215
4533
4631
4066
8275
3488
5545
2901
4050
2026
4113
3974
4576
5436
3154
4403
3223
3955
4456
5274
7196
4040
3983
5829
4718
3883
3852
4470
3910
2680
2525
3832
2314
5059
3714
8286
4564
4180
3814
4125
6655
4922
3667
4028
3129
6685
4799
4231
4481
7161
4583
4193
8231
3847
4115
4183
7388
3953
4263
3629
5919
6382
4027
4435
4916
4716
4405
4351
4744
7814
6365
7035
4340
5618
4676
4360
8220
4773
8073
4246
3083
4764
3186
4241
4298
4533
6996
6076
5678
3944
7301
3661
3912
4734
5019
4255
4057
4882
5754
7181
5381
4779
3994
4283
4311
4315
3401
4205
4364
6047
3727
3361
2875
2435
5776
4028
3897
2911
5167
5048
5378
8713
5030
8052
6565
4155
7123
3622
2958
4364
4812
4261
8809
4869
2194
3920
3447
7158
3967
4315
4956
4419
6986
3762
4686
6555
6988
4236
3286
6816
6545
4321
3928
3847
2274
3975
2833
3852
3073
3724
4216
3787
7449
6595
3337
6883
4897
6455
7544
5193
6191
4508
4093
4498
4090
2938
4270
4116
5205
3281
2935
3818
4088
4503
4869
4181
4869
4476
3920
4632
4147
4885
4489
4085
4556
4146
4496
4233
3442
3732
7541
3735
4213
4787
3176
3955
3575
3655
4260
3018
4038
7376
7093
7765
4622
7183
5503
3319
4846
3353
4751
7275
4065
6588
3414
4052
4000
2504
4080
3997
4602
4157
7103
4774
3757
3236
3990
4869
7193
4520
4000
6535
6821
7036
3484
3417
2750
3331
3314
3922
6777
3407
2585
3391
3496
3183
3687
6654
4017
3079
4268
4767
4308
7184
4175
4135
3712
4892
4193
3001
4221
4090
3993
4313
3404
4018
4011
4451
3135
4198
7108
7003
6906
8138
6102
6452
7619
4363
4120
2417
6526
3366
4303
4000
6670
7196
3965
87280
4418
6164
4240
4686
3238
4401
2522
4234
4547
4240
4912
3267
4396
7627
4379
3271
3990
3900
4453
4261
8015
4496
3680
4235
6312
4218
3359
3817
4473
4258
2983
7254
4165
3830
3602
7341
3520
3467
2758
4388
6913
4533
6592
3897
7524
3624
3233
4152
3704
3069
4921
3719
4537
4694
7630
7474
5368
4000
3830
4261
3716
5258
3647
3482
4308
4871
4365
4105
3031
3954
3709
3762
4969
4278
4183
7033
3905
7614
6926
4676
4613
5234
3171
4366
4413
4128
4238
6051
3681
4095
4042
4684
4408
7548
6368
4480
4586
2865
4123
6151
4284
3829
4378
4906
4261
3928
4488
6738
5072
4241
3076
4196
4476
5147
4123
3403
4471
2929
4280
4203
7624
3609
7499
5062
7047
6074
7282
5243
4286
4171
4733
4533
3622
2955
4466
6858
4155
3702
5854
6771
4170
4212
4493
4429
3076
4862
4248
3514
6936
6682
5343
4058
7759
5828
3597
3880
3106
3140
3518
6424
6727
6722
6588
3379
3764
6041
4411
3695
7176
4331
2394
4965
5160
3827
3812
3679
3558
4429
3253
3109
3501
4038
3812
3246
4087
4102
3315
3687
4433
3712
2427
4519
6903
3480
4506
3817
3571
3434
4090
6813
6426
5187
3494
4126
2705
3564
6362
3724
8200
4489
3422
3777
3564
7035
2214
3794
6697
5996
3556
3629
4981
5498
7579
4098
4141
4063
3890
4171
3897
4334
6322
4781
7621
4358
3376
4594
6578
3431
3539
5678
4617
4326
4255
3114
4561
4318
4409
4108
5358
8037
5039
4724
3486
6404
3848
4752
4388
3627
7231
3930
5044
5683
3269
3970
3527
3108
3048
4583
4538
4286
6226
4101
4206
4341
7209
3730
3897
6788
6309
6460
6287
3930
7930
3822
4050
4261
4295
4050
3272
3978
6644
4539
7637
4997
4281
6768
7950
3108
4661
4506
4781
3792
4814
4796
6943
3963
3960
4335
3932
3730
4774
4230
3526
3404
4486
4112
2660
3229
2642
3359
3459
3547
3537
3171
3324
4003
3331
3356
4105
3355
2733
3414
2952
3369
3208
3466
3506
3426
2607
3888
2510
3306
3937
3714
3590
3441
4143
4100
3074
2966
4627
4333
4235
3329
3702
2061
3777
4729
4371
3449
2996
3579
3316
3279
3567
3039
4336
3594
4200
3912
3190
3547
4283
3064
3321
3722
3248
3893
3695
2272
4385
2993
3521
4060
4613
2991
4147
4260
2524
4208
4543
4669
6923
3616
2459
6933
5941
3436
3740
5931
2555
3654
4742
2432
3549
4020
3364
4346
4504
4201
4078
4345
3744
2993
3878
4098
4413
2397
4592
4553
4178
8596
4331
4977
5799
4010
3163
3266
4241
4874
4416
4270
4090
4113
3704
4241
7080
6539
2657
3970
3892
6715
4276
4077
4311
5050
7449
4483
7400
3437
4551
4235
3128
4406
4155
3143
4040
4090
4214
3101
4481
3825
6670
5327
4642
2335
3104
3429
4602
5059
5009
6199
3712
7759
6878
7968
4673
6873
4603
4060
4010
4252
4005
4470
4228
4443
4804
4616
4443
4815
6096
5801
4944
7081
4246
3399
3363
6169
7213
6833
4040
4771
3917
3905
4188
3509
4228
3749
3982
5490
3357
4368
4260
4255
4303
3251
4133
3920
3666
3484
9014
2493
3980
7481
4110
6720
3897
4207
106439
3717
5675
7065
7724
3987
3899
3509
4558
5084
4236
4463
7800
4113
6840
3221
6721
3865
3907
4290
3928
3864
3436
3659
3982
7626
4526
6887
4626
4443
4686
4451
3644
3362
3324
8857
2160
5062
3849
2592
2488
3204
3474
4666
3401
3736
2662
3339
3379
3043
7034
7309
4270
6985
4551
4109
4110
4233
6697
4203
3261
3061
6556
4107
3617
7169
3361
4328
4757
7053
4210
3184
3752
6777
4027
3534
3997
6192
5255
3426
5150
3465
4201
2884
4250
4393
4100
3987
3875
3885
3705
4288
4020
3093
3935
3261
4839
4348
6119
4213
4433
4228
4812
3902
2961
3820
2881
4596
3236
4400
3312
3649
3258
3532
2938
3853
3711
2064
4326
4055
3253
4847
4542
4861
3477
7033
3677
3582
8123
4681
2923
4917
2317
3574
5805
6715
3585
3193
3389
3193
3399
3323
3374
3449
4182
3947
3216
4273
4115
3745
6567
2279
6064
2495
4285
3249
4002
4207
4611
4475
3298
3472
2667
2382
5660
5205
62845
5121
5350
7269
7036
3394
6207
6398
2620
6407
3417
3640
6703
3191
4866
2479
4811
2679
2660
3862
3675
7130
6658
7456
4421
3988
3491
3219
3356
3614
3384
3669
3246
3182
4341
2533
4556
3955
5260
3767
2999
3183
2640
3464
2385
4145
3206
6298
3304
2297
4673
3404
3306
2364
4132
3418
3368
2365
2245
3688
4325
4970
7104
4661
4051
4052
3213
4716
2477
3008
3584
3073
6064
4265
4100
3892
3242
4000
3354
3464
4817
7732
4106
4308
4779
4473
4743
2800
3114
4105
4256
3649
4306
4002
3446
3441
4093
4824
4208
3876
3369
3304
2437
4411
3750
4011
4003
4278
3196
3767
2607
3075
3289
2868
4859
4262
2683
4378
3459
3560
3156
4047
2886
3770
3299
2940
3486
4301
4000
3422
3514
3321
3248
3897
2645
2532
3471
4524
6239
4265
3687
4238
7582
4028
4619
3109
3612
3074
2901
4398
3829
3159
5407
3935
3988
3465
4203
3743
2722
3238
3560
2420
2467
3359
2412
3501
3331
2509
3590
3644
2843
3519
5033
5541
2589
5911
3413
3537
3389
6417
5190
4167
5496
3803
4326
7103
7118
3108
7018
6751
3542
3238
4612
3496
3552
3424
8413
4148
3166
3674
6091
2976
4228
3321
2424
2966
4256
5941
4226
4035
7426
4603
7500
7153
7093
3803
6928
7584
4385
2906
4153
3429
3667
6661
5716
2948
4817
78834
4065
7297
3056
4127
4305
4068
3128
3249
4373
4103
3662
3471
3096
5294
3966
6662
4671
5124
3935
3982
6282
5933
3374
6134
3769
7110
6532
4283
7169
7003
3383
3485
4148
4228
4606
4386
6997
7419
4789
7219
4188
3817
4756
5147
3579
4729
4033
4403
3671
3977
3730
4066
3249
3243
3799
3103
3885
2695
6790
4435
3923
4253
7645
4065
3168
4371
3344
7677
5364
3282
4942
4688
4302
3073
4150
3137
4344
3184
4308
3169
4676
3918
3969
4248
4288
4208
4150
3847
4173
3687
3389
3284
4268
3005
4145
3707
3824
3621
4275
4962
3704
4471
3925
7219
4160
4242
6705
4759
6976
6915
7321
2392
4145
4280
4256
3562
4182
4240
7085
2946
3003
5710
6003
7767
3615
3506
4952
4438
4857
4711
4539
3857
3344
3807
4599
3817
6979
6046
3775
3694
3965
8250
4874
4576
4503
3346
2993
5633
4607
3777
6372
3950
4010
4048
3917
4396
3677
3431
4937
3288
4822
6677
6680
4158
4038
3677
4103
3521
4188
3764
3560
6440
4115
4363
5233
5868
6782
6569
6437
4964
4686
3246
4559
4691
4498
4381
4709
4022
3181
3923
2352
3542
3349
3008
3917
4215
2357
3828
3817
4281
7161
5150
4160
7154
3093
4651
3755
3840
4158
4160
4445
5047
6700
5162
7389
5863
3990
3654
6029
7381
4564
6855
5471
4434
4233
8138
4173
7104
4195
3987
4232
7392
7035
8786
3582
7341
7722
4029
6376
7114
6267
4418
3246
6427
5144
3224
7250
3405
2277
4451
3937
3241
3892
9372
3700
3445
4185
7306
6304
4278
3680
4141
3862
4172
4791
2489
2908
4180
3299
3562
4206
5327
4098
3654
2923
3845
3774
4153
3908
4181
2706
2089
3366
4463
4323
3693
4158
3286
3464
5092
4979
5092
3684
5115
3534
5943
6670
6434
7036
4160
4221
7797
7156
4781
4132
7737
4318
6737
4509
4578
3923
4902
7524
7130
5218
4484
4844
4155
3123
3867
4316
7537
8383
4934
3539
5187
3053
5115
7083
4786
3714
5177
4934
7449
6830
3947
3041
6961
4596
6191
4448
3537
4601
3464
3612
4498
4210
2432
5881
4065
4398
2941
4055
4282
3977
4133
5237
4303
3090
4075
3982
4409
5841
4445
4093
3115
3427
4108
3168
4696
4000
7849
4273
3978
3249
2745
5745
3867
6828
4118
3978
3627
4689
3226
3093
4311
4187
4288
3239
4616
4233
3684
3496
5092
3196
4599
3927
3925
3942
4559
4033
2836
3710
4046
3271
4083
4250
4055
3459
3506
3475
3191
3286
3985
4401
3762
7356
4395
4227
6239
3890
4381
6713
4073
3817
4779
4919
6943
3913
4047
6561
7508
6216
4489
3296
7746
6881
3577
4799
4027
3009
4355
4894
5064
3053
6335
5871
3699
2820
3113
4341
4972
4531
4636
3331
4530
2848
3594
3311
3900
3184
3877
4676
3204
4764
4497
5440
7612
3396
6888
6106
7078
3506
4436
4388
5012
3910
4533
3369
3988
4763
3664
4562
4914
3488
3268
4253
4724
3509
9235
6670
3299
3826
6786
4316
5388
4458
4353
4694
4117
4494
4652
4623
5410
2251
3166
2698
4058
5210
4579
4556
7569
3489
4985
5067
4336
7417
3099
6645
3986
4624
5019
3950
4485
3726
3900
3149
4371
3802
4142
3679
9297
4388
3854
3434
4345
4183
5099
4745
3599
4145
2865
4169
3822
4335
2961
2918
2873
4328
3862
6665
6332
4010
4642
4682
4608
6537
3887
4077
3289
8313
3537
3697
7046
3123
3832
4136
2341
3730
3988
4619
6336
4742
4546
7564
4664
6488
7517
3256
7541
4568
6841
5119
5336
5294
7109
6893
4719
4148
4248
4281
3229
3950
2214
8644
4664
6978
4273
6726
4070
8178
4258
2996
4333
3974
3228
3973
4626
4018
8067
4952
4604
7527
5155
4008
4293
4549
3123
4230
4493
3316
4277
4724
7286
2801
3171
4073
3203
6843
8203
4834
3023
4255
4483
7109
5310
2883
3895
3795
4042
4053
3989
5224
4784
4970
4295
5204
4559
5749
4328
4792
2089
6364
6537
4423
4105
6294
3537
4100
7732
7361
6023
3872
5340
4942
4419
3046
5405
4078
4073
3451
4223
4369
3417
4083
3807
2971
4598
3093
8909
3621
3321
4609
4150
7211
4889
4341
7444
4140
3387
6743
4261
3039
4276
3777
4376
3506
4175
4934
3604
4926
5029
4262
7436
4200
3530
3995
4863
7346
3629
6998
7036
3855
3865
6174
6417
4556
3041
4424
4459
3412
4361
4886
3817
4048
4258
3960
3551
3228
4286
7361
3672
8273
5086
4841
4048
4186
3008
4100
3963
4323
3835
2767
4308
4115
5992
3491
7559
5047
7164
3701
3494
3870
4061
4011
4167
4120
3544
3534
4691
8937
8262
4634
4601
3086
4310
4293
4107
3952
3918
7832
5380
4696
4261
9050
4378
3936
2939
4195
3774
3418
4173
5159
4288
4261
4052
4123
3970
4536
4105
3885
3992
4145
4526
4349
4150
4316
4003
6855
5020
7611
4449
4445
4105
4612
5009
4793
6484
3707
6903
4479
4098
3868
4165
4205
3141
4596
4666
4245
4233
3113
7139
4839
4458
4571
4388
4228
4018
7859
4464
4984
3557
3396
4063
4048
3406
4438
4894
4418
6770
4453
4185
4225
3564
3845
4047
2878
3922
4003
5048
4060
4346
3667
3953
4025
4058
4498
4202
3940
3976
7058
4984
3885
4328
6311
4125
2475
4293
4946
4308
2991
2532
6602
3327
2665
2627
5448
3196
4729
4972
3168
4481
4223
3339
4082
6726
4304
5229
3895
2776
4285
3211
4103
2774
4386
4930
3705
6197
3459
3486
5480
3276
3429
3571
3682
3485
3407
3336
3111
3572
6122
3629
3424
3404
5765
2547
3645
3344
5982
2615
3321
3346
5293
6477
3311
3480
3291
5588
3403
3735
3126
3566
3840
3544
2460
3328
2525
4478
3312
3296
3206
3286
6174
3476
4293
3580
3732
2580
4056
2590
3449
3942
5235
6640
2560
6122
3757
3722
6700
6051
3561
3311
2973
3665
3333
3549
3721
3807
2830
2357
3153
4368
3644
6427
3570
2612
3467
4569
2803
2712
2745
5170
3637
3452
3426
6023
2731
2406
3559
3444
3354
2710
2922
4543
3671
3544
4033
3304
3427
3363
3600
53007
7286
3942
3191
4140
6957
3429
2610
5175
3665
3798
2811
3609
3888
5951
6637
3529
3475
4508
3727
4228
4210
3224
2418
7250
3406
4393
4125
2615
2555
6294
5227
4012
3059
3543
2918
3871
4486
4128
3810
2689
4155
4481
4559
3283
3355
3501
4250
2928
2257
8188
3444
3053
7684
4032
2920
4188
3810
3336
4178
2910
4112
3932
7980
4313
6688
3577
9736
3436
3079
3358
3917
4258
4381
4248
3612
3586
6833
3096
4501
4375
6497
2980
6629
3774
2740
4218
4014
4997
2424
5938
7009
6818
3183
4731
4394
6370
5588
3803
4252
3997
3156
2290
4125
4135
4253
7434
3031
2548
4215
4611
6517
4015
4980
6694
4358
4015
4370
3832
3697
3604
2926
6963
4151
3883
3721
3825
3341
3063
4434
4252
3988
3454
3927
4103
3915
2342
3934
4017
3132
4072
3456
6532
6482
4461
4568
6900
3299
4534
7717
5190
8330
6399
4581
6266
7451
5178
4929
4596
3349
4523
3983
3819
3777
7617
3181
8291
7504
3642
4608
8198
2417
3089
4255
4551
4033
4764
4316
4509
3804
4874
6134
7814
4409
6060
5278
3289
7056
5054
5107
4731
3841
4335
5302
4270
6906
5618
3013
5811
3024
3497
4160
5024
7026
3963
4359
4291
4131
2881
4210
6856
3131
3802
3336
4248
4149
6479
4716
4846
4886
3073
8606
4987
4190
4230
4273
4536
4516
4280
3925
5332
4202
4330
4390
4541
6923
4793
4741
7619
6500
4611
4367
4082
4195
3256
3792
3837
4117
4281
4428
6512
3851
5643
5402
8067
4816
4650
6567
6011
4438
2835
3559
7143
4418
4351
4894
4284
4589
6702
5312
4125
4596
3935
3880
7218
7186
4039
4602
4504
4871
4683
3233
4230
4707
7868
3495
4568
7787
6860
4095
3193
3697
4402
4278
4235
7046
4003
7026
7567
8388
4181
3697
4776
3517
3396
3033
3414
3351
3661
3191
7343
3902
3777
4331
4959
3684
4666
3499
6282
4405
3767
6235
3492
7046
5283
3762
6703
3689
3713
4534
3617
3019
4478
4550
2771
3109
4398
5994
4208
4350
4022
6231
6985
4516
4081
7544
8005
4443
6770
4369
4657
6314
5252
6757
4063
3907
3992
4246
3735
3945
3546
7807
3627
6985
4694
4679
4313
4207
4809
4018
3772
4196
8051
4112
4167
7464
4370
4178
4483
3622
3028
5971
5478
4293
7183
4746
4914
3394
4072
4340
4684
4799
3784
3928
2785
3617
3507
4040
3767
3529
2613
4285
3960
3837
3764
6792
5067
3574
4624
4515
3641
2422
5784
4333
2535
4371
3398
4206
3372
3968
4519
76138
3434
3752
3970
6545
3910
3544
4692
3156
4982
6146
6938
3198
3852
2759
3845
4283
2437
4178
3837
3579
5901
3987
3937
4523
7507
4691
6522
4383
3937
4729
4887
8712
4183
4230
5127
5024
4578
4078
7251
4601
6756
6867
3274
6360
7013
4276
7100
3858
3174
4193
3357
7782
4278
4829
4711
6763
4546
2925
6049
4314
4719
4338
3196
3590
3827
8709
2492
7160
3909
7326
7085
3521
3572
3897
4631
3286
3013
3993
3972
3291
4423
4691
6933
3540
4518
4226
4251
4664
7311
4105
5032
3194
4652
3717
2915
4095
4381
4238
6347
2767
4110
3334
4288
4170
4944
4416
3751
3546
6549
4108
3659
4294
6089
2534
5986
4054
4431
4118
3852
7038
6808
4887
3158
3166
4957
7582
4223
3327
7344
4245
7123
6544
4251
9395
5613
3755
4994
2662
3075
5921
6274
6828
4228
4075
3191
3822
5047
7529
6987
4646
4714
5410
6186
6977
8774
3236
8087
3757
3815
3151
7414
3101
3458
4148
4105
4118
3268
3481
4845
5164
6021
4000
3671
6041
4165
4086
6682
7334
6124
6499
2918
3083
7506
4657
3988
4871
7323
4804
6542
9092
2993
5936
7909
3791
4699
4897
6883
7178
6459
6645
3976
4120
4926
4047
4258
4604
5107
4205
3998
3654
3709
4461
4125
4171
4428
3499
4403
4749
5217
3462
4842
4814
5420
3716
5943
4278
3576
4826
4075
4528
3193
4110
4708
4842
4127
3954
3442
4086
9999
6414
4013
3548
3995
9615
7604
6407
2642
6547
3604
7832
2449
2397
3319
5212
6132
7341
7682
5781
6915
3361
3937
3306
4318
3810
4118
3917
4040
4769
4216
4173
3216
4441
3423
3363
4075
4193
3209
3560
3805
4273
3423
3161
3587
2888
2420
3912
2675
3835
2367
6532
3655
4200
4410
3068
4367
3740
4368
6189
4091
4010
3356
4592
2895
4063
3359
7617
5170
4098
10046
3828
4533
6647
7316
4960
2535
3713
2918
3352
3043
4175
4952
5356
4200
4293
8202
4188
2204
5973
3818
4731
3895
3180
9621
4153
5024
3992
4056
4859
6909
3755
3231
3264
6182
4499
3567
4776
3755
3933
3980
4508
3434
3632
3034
3171
4914
4141
3524
3769
4016
4090
4350
4198
4022
3551
3875
4405
3639
3832
3324
6424
5485
6402
8520
6379
6094
6653
4028
7461
4489
6981
4250
4378
2999
3367
3898
6682
5779
6069
3223
3472
2425
3827
3419
3264
4123
4293
4764
3657
4872
2768
5745
2840
3606
3467
3830
4141
3256
4340
8676
7150
4365
7783
4376
4844
5306
4226
4248
6572
5488
6108
4471
4518
6965
3259
7773
6828
5277
7086
4912
7183
4578
4383
3507
4523
4361
4152
4178
4638
7262
5225
4613
3740
2299
4566
6756
3706
3453
3138
3808
3862
4129
4543
4122
3204
4191
4030
3614
4268
3379
6527
3426
7066
5936
6838
7692
7269
4304
7264
4869
4997
3134
4761
5343
7020
2946
4418
3892
4976
4203
4368
4165
4421
8428
4020
5445
4749
4071
7427
4591
6853
3652
6269
7915
6139
3534
4769
7494
4703
3301
3669
3863
4885
3199
4601
4436
4135
6039
4388
3228
4549
3033
4434
3905
2274
3085
3145
6307
4200
7617
3905
4363
2770
3472
4661
3330
3609
6973
3819
4436
4491
4463
4202
3940
4018
3544
3296
3652
4153
3469
4238
6359
6725
4212
4208
3427
3937
4994
4957
4191
7747
5821
4213
8035
3591
4088
4343
4776
4461
3997
3742
4286
4270
3388
4137
4140
4331
3109
4381
4278
3567
5986
3945
3263
4443
4719
2424
3111
3099
4023
4184
4364
4476
4991
4354
2232
4824
3634
2966
3699
4160
2737
2717
3521
4410
4391
7494
3667
5918
4042
6735
6823
3755
3710
3717
3272
6943
6445
4586
8899
4816
3369
4220
7036
5017
6903
7447
4161
4388
4458
8152
4406
7324
3704
3982
3849
6830
6440
4130
4518
6502
4854
3579
4528
4981
4866
3652
3955
5348
3667
6420
7498
3631
3226
4451
7544
5015
4972
4330
4090
4951
4421
5963
3562
6310
4390
3251
4724
6681
4308
4529
3263
4353
4473
7236
3628
3121
3224
5388
6458
2883
3589
4689
5481
5052
8478
5254
4445
4734
5060
4350
4413
6986
3892
4409
4661
3982
4288
4591
4241
4616
3867
3948
3995
3945
3877
3254
6277
3850
3642
3955
7457
4128
8005
3590
3950
6532
7190
7491
4429
3777
4417
8053
3644
3289
4008
4198
3366
3587
4703
4622
4534
4166
4602
6503
3700
7657
2147
3679
4269
4649
4035
2965
3351
3934
3942
4132
3599
3266
3514
6337
6367
6102
3600
3925
4018
7414
4952
6825
6795
8573
5250
8424
4637
4162
2951
3614
7276
4031
3960
2282
3805
3426
3670
4571
4473
3346
3621
3274
2840
7022
8298
4596
4785
8275
4370
4335
4232
4243
3983
5357
4501
4346
4782
4889
4980
3149
4579
4599
3812
3199
7469
4631
3704
4351
4348
3775
4040
4418
7910
4741
4238
4541
6359
4661
7101
6595
4111
4513
4313
8854
4679
4196
4135
3792
2352
2379
6703
3475
3286
6658
4631
6517
6747
4090
7650
6612
3915
3839
3601
4782
5983
3152
3687
4426
3917
3720
3577
4438
2943
3935
4255
2976
3657
3006
5397
4779
3424
3842
3358
3050
2911
3416
3487
7369
4525
3081
4173
4612
4158
4793
3654
4080
6645
6925
3837
3464
3274
4323
3449
3056
4065
4063
6541
2505
2205
3909
4083
3148
4178
4245
2863
4012
4228
6139
4691
4378
3504
6938
3174
4679
3442
3306
3900
3910
4311
4341
6311
6913
6885
4634
3970
4233
3228
4303
3343
4463
4002
3296
3584
3998
4328
4436
6592
6214
3164
3617
3336
4263
3777
3842
4165
2388
3697
4208
3319
7674
3264
4263
3905
3337
4856
3627
3737
3509
4493
6782
3910
4521
3893
4756
3178
4087
6651
3520
4330
8721
4333
3629
4348
3492
7376
3485
6625
3559
3562
3448
3519
5335
3844
3575
5468
4258
188577
4088
3855
3441
6028
3523
3522
2793
6056
4186
8062
3494
3262
4479
4626
4245
4345
3885
2605
4231
2418
3276
3332
3737
3783
3862
3862
4261
4537
3168
4030
4301
4150
2808
3649
2498
3577
2933
6231
3858
2953
4443
3877
6612
3617
3211
4230
4180
3179
3506
3529
4123
3564
3945
4542
2885
3850
3261
2970
4010
3046
2214
4178
4251
4832
4453
3860
3782
4193
3575
3609
4291
4168
3427
3302
4235
4030
2845
3136
3627
4052
2527
2688
3963
3712
3246
2447
4128
3730
4185
3925
4125
2993
3927
2543
4019
3975
2833
4071
4018
4128
3840
4022
4546
2782
3957
3029
4238
3236
4417
4047
3401
2557
3945
4396
4353
4990
3865
4125
3977
3580
5323
3512
3382
3299
4291
2985
3997
2935
3942
8115
4430
4148
3463
2553
2750
4013
4950
3406
5233
3229
4550
3233
4607
3445
3690
3114
4210
4219
7096
6031
2953
4171
4165
6678
4220
4381
4255
4443
2886
3621
3952
3379
3209
2933
3010
2495
3424
2420
3499
7334
3346
8150
2515
3409
3256
3474
7309
6921
3439
3424
3401
3199
4836
7194
3453
3487
5457
3589
2510
3426
4072
6439
6766
4043
6905
2898
3859
4796
6943
6763
4607
4772
3377
6492
2562
4859
4676
4033
6948
2740
4174
2487
3574
3854
4161
7261
4646
4393
3499
3592
5821
5168
5407
7186
6154
8929
6592
3813
3594
3741
2661
5265
3869
6758
4629
4300
3231
3527
4341
3595
3487
6344
4679
5337
3492
9087
5475
5007
2561
3454
4466
3309
4063
3559
2700
4875
3747
3873
4689
4390
2337
5332
3286
3972
3651
2643
6462
4774
5134
5140
2562
3601
3293
4137
4311
2941
3998
6342
3923
5327
2915
3324
4032
4358
3962
27353
3928
4796
2594
2742
4220
3291
4739
4304
3684
4445
6204
6447
8013
7760
4211
3892
6092
4168
6700
3219
7036
4436
4177
4278
7006
4777
6983
5881
3915
4804
4756
3141
3760
4004
4486
3820
4143
4774
4163
3086
3381
5415
2908
3316
2376
6607
5981
3409
3264
3975
3381
3655
2334
3742
3272
6479
3316
3476
3677
4879
4078
4000
5706
6462
4120
6845
5836
4782
5741
4221
6016
6925
7556
6832
6463
7504
2550
3687
3627
3590
3976
2460
4023
2740
3043
3801
4227
4604
4634
3732
3291
4539
4090
4195
3679
4519
4198
5070
6843
3679
3253
6598
2841
5059
3585
4271
4023
2865
4386
3847
3782
4611
2645
3362
4481
2334
5458
3932
4193
3374
2728
2910
5888
3161
5322
4258
3985
4718
6314
5611
6524
5352
6640
7835
6820
7126
3837
7439
6931
4117
3416
4038
4947
4860
2419
4223
4298
3811
4010
3764
4696
3141
3636
7177
7132
3331
3436
3614
2380
2434
5313
3993
3246
3013
4095
3684
3199
3898
2815
5513
3872
5833
4628
7759
8974
4999
3512
5746
3632
6549
2497
3999
4085
3834
2835
3682
6634
4248
2988
3605
4536
4017
4285
3985
4514
5136
3607
6292
3110
3086
5084
3865
5114
4027
3013
6675
5460
10119
4826
4687
4370
3252
4097
2520
3128
3481
7281
4774
3271
4636
4080
2941
6109
7752
5741
6086
2367
4558
4516
3341
4156
3274
2459
4126
2492
3484
4183
3922
3715
3722
3161
4038
4388
2650
6317
5576
3852
3346
4302
4425
4916
5844
3757
2622
4155
3336
6490
4152
3759
4062
3968
4143
3942
3747
2785
4536
4178
3478
4551
3677
4374
4421
3780
5078
4561
3878
4366
4673
3223
5723
3046
4343
4115
3338
5062
6562
4211
4398
4904
3707
4223
3236
2980
3942
4403
5588
5753
3424
4308
2169
6281
3261
7649
4210
2793
3789
6371
4722
4163
4125
4584
4857
2510
3660
3422
3256
3282
3149
2515
3675
3439
2564
3529
3487
4584
2976
3695
5029
2522
5435
4122
7673
4619
3403
5536
3256
5957
3477
7208
5130
6084
3422
5721
3725
3461
3822
5696
3775
3983
4008
3353
3098
4145
4744
4182
2603
3196
5754
2632
3166
6372
3789
3345
5350
2695
7073
3145
3594
3263
3379
2685
3357
3404
3897
4172
4559
3777
2635
4441
3343
3293
5911
2880
4250
3425
6856
3589
6167
3751
4125
4128
3381
4090
2915
4703
4987
6287
3712
3870
4220
7509
5388
4088
3518
4092
4629
3173
7990
4058
7104
6805
6685
7289
3644
4338
8960
4248
6074
5060
4336
3226
7702
5403
2931
4105
3833
4085
4052
3874
6182
4175
4225
6580
6874
7369
5867
3529
6550
5608
8193
6981
6675
5746
7548
6700
3053
3644
6587
7111
6002
8117
4584
4132
6936
2565
4560
4280
4288
4178
7504
4205
4138
3719
4293
4356
5445
4654
2429
2765
4712
5746
3417
4642
3327
4130
2482
4241
3586
4354
3900
4191
2659
3281
3717
3875
4065
4467
3662
6557
2514
4201
2911
3036
4624
4062
6893
7394
3429
7667
6400
6155
7371
4533
7233
4686
4576
4582
3313
8572
4435
4303
3697
4932
4509
3309
6019
3690
3507
3468
3276
4489
5102
4253
3414
3888
3584
2136
3958
2835
7178
6335
6835
4378
4506
3640
3617
4060
3047
4206
4062
3609
3059
4834
4443
3266
4045
3246
3351
3817
3910
5638
3118
4005
3232
4135
4113
2375
3146
2778
3724
4552
3423
3594
3632
4022
5245
3467
4173
4408
3815
3418
3384
3813
8100
6549
4165
6880
3143
5412
4776
3559
4118
4040
3254
3473
3246
4491
4381
4171
4143
3670
4112
7106
3153
8163
4038
3241
4062
3817
9182
5420
3331
3759
5500
6813
5493
4108
3449
3018
2858
4215
3744
3515
3264
3870
3972
6324
3030
3259
3794
6960
5238
5644
3650
3672
3363
3309
4416
3642
5636
4013
4618
4388
5092
3878
4438
6470
4583
4303
5159
3491
3483
3129
4409
4324
4325
3609
4092
4235
3507
3965
4594
3054
5350
4135
3860
3995
2332
4004
3330
4198
4679
4747
3567
5082
4230
7008
6613
3023
6329
7404
3650
6159
6102
3537
4075
4023
4753
2865
6523
3682
4939
8651
4569
5986
4368
4122
4324
4489
3948
4829
4258
3224
4845
6026
4047
4333
2926
3369
6103
5936
3884
2455
3096
3522
3383
4824
7126
3572
2950
3823
6374
3336
4087
6602
5734
5079
7892
6939
3852
5388
2427
7477
8619
9477
7441
6472
4947
7922
4183
4321
3126
3459
4238
3777
3722
3451
4576
4296
6895
3584
6825
7351
7139
5811
6637
4915
4318
8278
6627
4844
4313
4020
3952
6193
3566
6901
7326
4586
4802
3787
2766
4606
2440
5056
6351
5212
4366
4436
4065
3801
3739
5195
4168
3890
4143
6454
2998
3590
2345
2653
6274
3346
4453
3800
3890
4616
6342
5277
4165
3544
7902
6617
6429
3721
4658
3784
6357
6465
6166
3854
4513
3301
4959
2835
5833
4962
3980
3223
3837
2319
2863
3780
3607
4632
4789
3226
5370
6857
6530
6869
3363
4697
2227
6550
6588
3920
4663
3930
3080
6432
4797
4369
2557
3367
3206
3694
5160
4992
3451
6412
2408
6692
2568
5981
6645
5469
3423
6352
6492
7141
6700
3474
3574
5863
5313
3404
3770
3378
2653
2482
3394
6753
6897
6535
6236
4056
3564
4378
3507
3987
10876
3842
4168
3835
3354
2552
3479
4228
4498
4580
4234
3734
9901
3191
4053
3530
4275
4118
3496
7223
3521
3734
3453
4256
3572
7418
7484
7574
4057
4910
6707
3273
2540
3670
3832
3999
7248
3544
3860
3113
3301
3675
6583
3784
4071
4363
6758
3367
4216
4669
4393
4153
3453
2657
4551
6344
2965
4627
3286
4252
6602
2855
7055
7040
4436
6690
3372
4093
5270
6109
8085
5558
4543
3281
4398
4253
5763
3030
5866
4259
6880
3404
6250
4278
3900
4398
6923
2510
2539
3652
2685
3516
4316
2777
3526
3562
3832
3538
6151
3531
3777
3582
4733
6439
3554
2116
3840
7581
6610
8589
4004
4546
3930
3627
3342
7730
3742
3602
3684
3577
22668
6823
5921
4904
6319
3566
5435
4673
3457
5763
3234
3236
3276
8411
6878
4383
4464
8439
3025
6164
3329
3481
3494
5946
2903
4948
2437
4088
4095
4065
3920
4829
4221
3070
3099
2723
4445
3301
4656
6252
6224
5605
4403
4201
4853
3967
4837
3495
4055
6439
4150
4426
4833
3689
7492
6642
4348
7266
4334
3124
4618
3685
4962
6680
4626
2159
4444
5017
4148
2902
4120
3011
4874
4714
2146
3169
7494
5276
4293
2164
4464
3912
3086
3477
3366
5487
4368
4506
10367
4782
3241
5225
4561
4338
5442
3803
6528
7451
6775
3419
3524
3346
3777
3689
5801
4418
7331
4729
7071
4309
3529
3041
5775
3932
4736
4510
5300
4308
8118
9418
6958
3980
4260
4175
3584
4797
4000
5450
3594
5958
7860
7113
3902
6866
3190
6968
3694
4133
4338
4146
2732
3048
3234
2427
5711
3409
4003
3772
3942
2224
3945
2956
4115
3063
3955
2640
2958
6508
5285
5604
3433
4025
3469
4656
2768
3729
3208
5047
2504
3163
2745
3960
2474
4108
8276
3442
4016
4837
3035
2717
4527
4205
3790
6480
3835
3522
4611
3670
4017
2452
6723
3466
3417
3353
6442
3384
3837
5247
3431
2430
4086
9135
4618
4125
4045
4639
6404
6335
6900
11575
6274
6459
4999
7917
4478
3904
5753
6731
3965
4899
4750
5221
4519
6830
4464
3704
3051
3577
6080
7752
3517
4232
3978
4118
3409
8581
3657
3909
5498
3511
3354
3867
6137
4343
6727
5099
3361
3592
2562
3606
4012
4626
4003
6006
3684
6765
3497
6968
7336
4350
3797
3519
6590
4679
5240
4982
2287
3902
6625
3980
3353
3719
5868
3504
3329
4200
2613
5803
3243
3294
4359
7349
5328
3732
4303
3887
4215
6357
3681
4062
3539
4398
4804
4005
6875
6532
2793
4603
2756
3932
3631
4123
4554
2520
3604
4050
8496
3126
4668
4142
6996
6989
3745
3512
4398
3210
4016
4088
4148
6647
6910
3131
3381
4112
2996
3747
3324
3236
6489
5675
4228
3103
4996
6999
4270
4037
3196
3972
7683
4513
4198
4313
6170
4145
4293
2239
5199
6771
7119
4275
4090
2722
2558
2755
6024
3018
4491
3061
4003
3579
7743
4661
3988
4178
3316
7735
4065
5167
4499
2573
3732
3191
4330
3532
3478
3212
6527
6239
4691
2357
3517
3887
4291
3277
3411
8088
4386
4296
6582
2685
6570
3428
3251
3086
3303
4621
2489
3432
4068
3912
3644
4231
3492
3574
5040
4426
6808
6543
3534
8320
3469
7434
4754
6364
9303
3978
4186
4836
4260
2618
3456
3201
4674
4263
5110
3844
5165
6770
3043
3622
2530
4033
7098
4757
3479
4216
8817
3534
6902
2277
4614
4207
4088
2832
4872
3399
4044
4546
3632
2197
3644
4035
3093
3765
2808
4378
3719
2812
3857
3619
4234
3847
4661
4821
5903
4093
3471
2400
4137
3251
5891
4373
3615
5232
2775
6981
3011
3797
4463
5517
6693
2710
3943
6201
6694
3847
3478
3474
3567
4115
2911
6219
6162
4298
6582
6923
3417
7952
4531
6022
3509
8275
4295
6753
4294
3288
3442
3028
3416
3704
3720
4656
3471
4213
2530
3839
5913
6399
3253
3959
4138
7091
4248
3617
6502
3479
7404
4046
7907
7359
6006
7118
8198
6472
7815
6012
4854
4050
3790
4036
3840
111035
4316
3298
2768
4288
4103
5811
7121
5934
5761
6134
3574
4140
8779
6923
4485
4756
3722
3424
8363
4428
4023
6186
6958
5748
6332
6169
6487
3171
3479
3907
4027
4133
6447
3681
5884
7121
4063
4598
6892
3228
3923
3441
7013
5087
3697
4608
3952
7328
3489
3841
6166
4449
5691
7228
3665
6422
5453
3279
4551
6523
3600
6204
7572
9432
5189
4821
4435
3529
4146
6815
3992
4016
3984
2962
6462
6709
6307
3561
5497
4698
6027
3837
6331
4291
4358
3557
6613
3827
4040
4404
3346
4590
4405
5596
3429
3739
7176
6785
4355
3814
5217
3903
3503
3339
3120
4796
3417
4636
4115
4198
4027
4534
10317
4315
4446
2582
3908
3990
4286
3687
4541
7184
3166
3878
3940
4517
3442
4195
3238
3189
3589
3930
4459
6196
3123
3566
3637
7431
6950
6297
6900
8453
7546
8243
4102
5330
4130
3404
3910
4173
3066
3448
3943
5207
3261
3689
4348
4429
4473
3770
3992
4423
3945
3647
4119
4411
4977
4100
3887
4217
9132
4108
3023
3730
3286
3589
3661
3383
3378
3504
3739
3026
6540
6995
6543
3850
5989
4015
4190
4312
4929
4286
6655
4095
3569
3875
2587
3657
3571
4019
4443
7254
4037
3962
3952
4142
5004
3389
3495
4113
3882
4439
3965
6372
3895
3004
4220
3987
4276
3323
4749
3797
6547
4636
6442
4385
4318
4273
3790
4193
3514
3897
7178
5315
4889
4506
3376
4145
4009
7302
3093
4335
6813
5043
6061
4310
3539
3351
4481
4404
3401
4193
7993
4242
3507
4298
3500
3827
4822
3952
4048
3101
4483
6703
3679
5919
4756
3982
3644
4749
3429
4033
4499
6154
3800
4072
8172
3377
4114
3700
3612
3737
3767
3902
4313
4421
5815
5831
6715
5681
5851
4233
3664
10322
4069
7943
6715
3865
4433
4168
3561
4313
3862
6836
3320
5643
4362
4316
4606
4813
6003
3588
4496
2555
3386
3589
4523
3302
3346
2698
3770
4709
4496
4400
4153
4476
3752
4383
3684
3436
3441
3321
3504
3396
4030
3283
2792
4057
4231
3727
4443
3464
4852
4335
4729
4547
4809
3525
3787
3854
3471
3614
4270
4799
3967
4651
5007
3383
3559
4238
4065
3346
4374
4594
3717
3744
3193
3581
3637
4639
5786
4252
5203
3914
4255
4073
3642
3479
3404
3134
7259
2991
3957
5661
5061
3406
3361
3559
3922
4085
3409
3581
3453
3488
3113
3489
3709
3995
4568
4478
3524
6582
5833
5177
3930
3980
4156
8165
3880
4095
3780
6850
4132
7419
4212
4280
8796
4483
4245
4371
3558
3703
5731
3920
5536
9327
6307
7514
3273
3549
3804
3547
3697
6339
6178
3948
3489
6067
3339
3464
5786
3491
2372
3591
3346
4088
8774
4178
3507
4351
4096
4321
3334
3482
3646
3119
4228
3605
4108
4473
3206
3519
3687
3445
3404
5608
3384
4223
4168
4809
4027
4603
4413
6825
4396
6214
3829
6780
4098
3857
7480
4580
4318
4123
4938
3932
3810
3612
4411
3975
3644
3800
4666
3770
6608
5483
4083
3761
4003
6955
6833
6788
4446
4426
4088
4658
4093
4045
3043
3802
8866
3078
3229
4035
3847
4165
4035
4148
4195
3564
5312
3938
4228
4353
3872
2658
4125
6142
8636
2911
4166
7274
4145
4351
4233
3564
4398
2993
4020
7594
3843
5447
4049
3835
4633
3926
3771
6813
5989
8289
4473
6056
6497
2974
4174
4105
3997
4175
4043
4258
4455
5355
3196
4323
4415
3045
4253
3040
4318
2978
73050
4180
4431
4403
4273
4881
4149
4336
2974
4010
4022
4170
4080
2852
4220
3128
4258
3278
3848
5112
6356
3536
3391
6054
6103
24536
6357
7344
3487
6808
3860
6910
7446
5443
3041
3989
2953
4543
3185
49292
7133
3657
4691
4205
6979
4181
4276
6141
5478
4082
3860
3474
2442
3419
2953
3806
6239
3434
3619
3993
2903
6697
4140
5452
3359
7102
3604
8008
4151
3960
4589
3995
4068
3757
4285
7411
4200
4360
3511
6791
5756
3135
4017
3231
6222
4366
4340
3875
7752
3983
4481
3952
3622
4088
5786
7449
3672
3568
4561
3777
7377
6911
4268
3765
7095
6348
4951
3472
2858
3270
5536
4313
7047
5931
6322
4511
5959
5865
4385
3670
2920
3597
4152
3944
3274
4889
4355
4038
3118
4420
257653
4385
7363
4183
6665
4426
4646
3261
3717
3855
4155
4741
5654
4701
3920
4163
3509
4225
3153
4234
3420
2812
3444
4854
3712
5494
4443
3467
4153
3376
4062
2983
3694
6054
6560
7048
4894
6961
3933
4704
3584
9238
3692
3346
6429
7815
2843
4341
3993
2798
3757
8829
5257
4997
3535
6254
6568
4346
5626
7423
3714
2655
2768
6286
4784
3586
31912
3701
3888
4411
4142
2649
3143
4654
4055
4012
4501
4008
4424
4464
4313
4020
4068
3021
5652
4523
4871
4284
4899
5060
5362
3379
6678
6532
3521
6941
3567
3762
7407
7073
7129
7183
8137
3747
4649
3997
5936
5135
3793
3546
4448
4050
4150
3645
4391
3649
4068
4024
3614
4351
3527
4606
6056
4486
3131
4011
3757
5010
6588
6118
6720
4486
4766
5718
7191
4469
4015
4110
4221
3611
4285
3094
3226
4498
4461
4304
4594
3685
3343
4346
6705
4682
5648
3817
6660
5338
7229
7286
5152
4260
3761
3439
3046
4356
2865
5097
7294
6546
3674
3214
3178
3502
3382
2607
3470
4179
3557
4005
3472
7028
5994
6260
3857
6631
6917
3578
6014
6775
6334
3429
6490
3617
5020
7077
5898
4588
4253
6058
3116
3968
4110
3417
3171
5011
3256
3417
4238
6660
3506
4097
3021
4097
3622
6071
4663
3532
4699
7531
4091
4003
3427
4166
7121
3201
7950
3762
4058
4037
3406
4614
4182
3892
4321
4077
3422
3797
7428
4423
7898
3607
3569
3594
4536
6492
3997
6632
5810
3574
7364
6886
4159
4373
4228
4340
4183
8456
4771
4410
3832
3351
3131
6815
6348
4293
4120
6186
4132
3947
5222
2878
5801
3957
3081
6657
6723
4133
3548
6585
6607
3084
3542
3902
3644
3484
3890
3797
3883
7697
5668
3574
4303
4604
6583
3306
3865
6416
2953
5568
3446
2860
4178
4234
4080
6294
5330
4871
6409
3934
7675
3777
3773
3251
4323
3311
4060
4531
3975
4408
5919
3757
3279
4023
5273
5144
3537
7140
6685
3540
6963
7506
7530
6673
6921
3555
6008
4082
4220
3905
7140
5848
4185
4027
3141
3412
3138
3339
3717
3629
2399
3499
3014
6479
3581
5966
4005
3975
4505
2865
4146
3206
2778
3967
3739
2976
5320
3792
2991
4053
3905
4088
7714
4113
5988
3779
3440
3226
5619
3597
3539
3682
6053
5322
4531
6893
3424
4251
4474
3335
3747
4524
3403
4618
6192
3576
4792
4258
3103
3809
2988
4360
3586
4177
3504
6764
4486
4630
2520
4578
4138
4253
4318
3559
5891
6998
3638
3789
4634
3802
3349
3741
6880
3502
7294
5952
3422
3977
5715
3166
3754
6542
4964
4026
3894
4253
3792
6303
3805
6507
3479
6627
3562
5538
4375
7051
5661
4190
2936
3193
4053
3118
7393
3469
3144
4193
4343
7572
6906
4929
5177
6541
3851
6315
3624
4326
6908
3441
8473
3640
7020
6493
6602
2820
6632
4757
7188
4242
4051
4471
5608
6735
6244
6242
5884
6223
4659
4726
3296
3943
2482
4050
4261
4396
3730
3322
4771
4726
4198
3481
6126
3303
3279
6628
4023
5897
7038
6845
3922
5189
4548
6577
6321
3539
6750
6605
6680
7214
4196
3995
4606
6272
6362
5791
4847
3579
4041
3787
6645
3449
3406
6533
3439
3559
3379
3877
3607
3291
3148
10359
4202
7169
3565
3344
4238
4063
7033
8449
4152
3481
4556
4418
4581
6638
7429
6756
6703
7126
3887
3793
7860
7450
3153
6785
6448
6890
4950
4756
3679
6617
3852
4488
4316
3749
3720
4057
3624
3867
4142
6686
4103
7922
3791
4965
4641
5197
4220
4042
3224
3287
4701
4035
4518
4137
3968
4136
3139
6958
3431
3958
4469
4329
3933
4148
3452
3341
3865
4561
3474
4193
4333
6242
3870
4078
2971
3329
9430
4311
3347
4213
4035
3955
4207
4172
3596
8591
3087
3852
3732
3747
4258
7116
8218
4163
3710
7050
3672
3780
3665
3734
4954
3815
4554
3665
6976
4341
3547
4058
3641
4997
5339
6287
5861
3131
6177
3689
3481
4676
3206
2843
4341
6332
4428
4218
4333
4656
3484
3740
3273
4205
4318
4060
3765
4198
7892
6157
5765
4403
6926
3471
4038
6364
6272
7374
3785
3496
10141
3839
4689
4478
4278
4479
4571
3444
3094
7506
4584
5598
6840
4899
4811
4732
3519
4886
6132
3416
6440
5365
4253
6407
6520
96771
2973
4098
2801
3356
3707
6773
6114
5022
5981
7231
4463
6528
5864
4282
6389
4128
3034
4380
2988
3589
6171
4326
8493
5678
3850
4197
7114
6572
8200
6432
7705
7084
4374
4224
3985
6980
4027
2762
4023
2820
7428
3552
5274
5145
3679
4060
6497
3361
3824
3879
3600
3707
4275
3602
3421
4443
3392
4809
3935
3648
4004
3551
4366
8581
3964
3880
7196
8019
5570
3412
6036
4506
2747
3707
3291
3599
2865
3093
4175
3918
4128
4047
4406
4218
6710
5518
4010
3874
3898
4041
2334
4043
6888
4233
3720
3011
3567
4526
5365
6728
4150
3322
3251
3547
7321
4180
3253
3489
7579
4493
4212
6109
2875
7239
4626
3100
3927
3547
3990
4513
251266
6342
3955
4644
4170
5776
3647
3705
2908
4173
4032
7406
3434
4067
6876
7161
4391
3522
3536
4218
3475
4233
4929
4654
4806
3885
3917
3747
7757
3429
3537
3882
4829
3902
6224
4115
4326
4518
5533
4305
3839
2838
3631
4313
7584
2904
4413
5448
6365
2923
4226
4796
6467
6532
4613
4674
3401
4173
3141
4044
3186
4328
3795
3857
5387
3048
4123
3359
3196
3942
3482
4551
6467
3323
3960
7015
4743
3735
5250
6066
6687
6703
3000
4809
3820
3444
3483
5746
3209
3624
7426
3714
4303
7148
6160
6658
5408
3797
4538
3028
4196
6535
3704
3957
2848
7472
3411
4691
4300
6682
3449
3349
6372
3797
3176
3832
4677
5939
4416
4675
5593
5945
6500
6165
4010
4611
3464
3619
3930
4601
7063
3802
4198
3938
4483
6661
6786
3808
6620
4681
3659
4609
4643
9328
2542
4551
4546
9968
4135
3898
3664
4313
3897
7146
7051
3018
5916
9152
4238
6514
4562
9122
6442
4679
4422
3594
4592
3526
4117
3579
4012
3454
5077
4553
5445
4245
3449
2994
4191
3617
4333
4699
3489
4398
5323
3333
3839
4065
7373
3081
4411
3623
4331
3934
4914
6959
3588
6585
6878
3912
4541
8423
4113
6442
5958
5237
4308
6520
4664
3384
2510
5377
4146
3919
6102
3439
7399
3379
3722
4333
3800
4957
4917
4258
3774
3865
4097
3682
3830
3797
8186
3644
4291
3456
4178
3218
4612
6725
3631
6352
8783
6334
5796
3264
6337
7544
4233
4101
3479
3437
3888
6998
3722
2818
4235
3930
3372
4235
4092
3178
2931
4053
3879
3206
4639
3101
4170
4148
3552
4258
3957
7864
6730
3892
3877
7095
3088
6994
7995
6199
3459
3877
4844
4278
4385
3894
7103
3692
3793
3531
7813
4238
4706
3995
4298
3932
4175
4342
4132
10552
4451
7552
6452
4141
5000
3785
4243
4082
4456
3647
4336
4256
7338
6770
6633
4466
3997
6510
3955
4228
4010
4042
3607
3830
3229
5135
6424
3657
5638
5373
4481
3148
4060
3074
6743
7051
6284
4314
2936
6202
3096
6733
4225
5998
4254
3955
3479
6019
3860
6442
5631
4736
3544
3812
3529
3750
4549
3214
4135
3928
5533
3196
6893
4138
3015
4954
3469
3892
6519
5846
6938
7101
3985
3146
7551
6136
6877
4090
2923
5260
5465
3189
9225
5808
5560
4466
3058
4010
6462
4421
4443
4634
3437
3992
4774
3268
7033
3346
6104
6078
6528
4228
3995
4136
4168
3799
3241
4018
4431
4474
3661
3912
6138
3226
5625
4051
3734
3441
3095
4323
3722
6818
7576
4716
4418
7098
4305
8250
4436
6920
6848
7033
3597
7301
7664
3586
6938
2948
6735
4361
4013
3919
6921
4233
4158
3649
3371
3246
5941
3917
3857
3727
5589
5367
6339
4196
3700
3434
3509
3745
3972
3940
3711
6296
4596
6848
5526
3616
8150
3827
2535
4443
5628
6574
7156
4141
3609
3774
2903
6575
2893
3294
4493
8915
3752
6990
6963
5092
3907
3662
3923
5246
6747
3061
4385
6637
3852
4247
3942
4131
3111
3712
3522
3710
3226
3862
3629
4050
3576
3841
3732
4195
4408
4162
4386
4767
4473
3834
6304
4839
6602
4955
4047
6477
6850
4410
3832
3955
5770
4203
4539
4551
4849
7189
4478
10566
6049
3667
4115
3719
4425
2426
4283
4007
3278
3750
3650
6680
4747
3601
3987
4549
4503
4724
8493
3489
3930
4839
3849
4894
6763
3597
3729
5961
8736
3484
4206
3121
7364
3960
3700
4311
6081
4348
4355
4559
4747
6695
4446
2598
4363
2941
3549
3815
85439
3833
4283
6750
7289
4097
3522
6595
3765
6359
4318
3306
3426
3446
5064
3614
3142
6827
3519
3925
6575
4214
4065
9402
6482
6391
7186
3378
7494
4298
3569
3510
3406
3391
4420
3630
6683
3645
4181
4120
5540
6763
3614
4506
3744
3541
3009
6302
9773
4324
3249
3050
4464
6392
6016
4293
4010
4318
4155
3604
5346
3539
3273
6665
3970
4837
6392
4338
6995
4015
6204
3998
6578
3777
7504
3780
4578
4486
11792
4318
6517
3322
7105
6620
8511
3852
7197
7752
6675
5931
4143
6610
4731
3183
3624
7858
6850
8887
3780
4433
2961
8215
4498
3116
4544
4702
3000
4178
2825
5052
2978
4568
4627
4183
3532
2810
6587
4854
4311
4389
4403
2978
4388
4418
4404
2685
5686
4566
4178
4361
3767
2895
4386
2910
3536
3819
4130
3494
4511
4002
3141
4503
5821
3474
3449
3702
3286
8421
3348
3557
5201
4138
3622
3910
2923
3764
2858
4403
2943
4255
3677
4105
3950
3266
3618
6575
4078
2988
3034
7920
3997
6087
3304
3164
4861
5831
4842
8101
6993
3865
7168
4441
4323
3972
3940
5701
2939
4684
4228
4301
5305
6214
