4010
5334
4265
4313
3565
3687
4110
4128
4511
4413
3997
6995
4178
3489
3046
4455
4757
4423
4188
4586
4751
5089
4613
4226
4684
7409
4704
4929
4949
4864
4806
4854
4201
2464
8115
4328
4205
3143
4423
4015
5482
4481
4375
4691
3199
3917
7188
4227
3532
4667
7529
4598
4808
4127
3935
3290
4388
3594
4338
3855
3013
4498
4631
4161
4052
4275
4438
4722
3637
4410
4303
5831
4452
7033
5074
8551
4969
3919
4555
5427
4080
7471
4752
4523
3404
2902
5423
4719
3681
3468
4839
6982
4338
3910
4318
4251
3199
7103
3384
4035
4559
4671
4213
4386
4952
7320
7511
4678
4869
5072
4508
7617
4886
4601
4649
4628
5497
4899
4703
8521
4706
3872
6930
4481
7070
6762
6773
3820
3944
4498
5224
4767
5542
4314
4188
5235
4761
4499
4030
4475
4038
4288
8129
3474
3467
4669
7223
4152
7419
4668
3141
3489
7812
6135
7324
6178
4169
3180
4872
3907
7454
4431
4433
3457
4541
3752
7531
3984
4139
6835
3218
4641
4298
4312
4333
3619
7717
3637
4080
5052
4247
4425
3426
3050
6117
9778
6111
4400
4822
6856
4277
4479
4598
4207
3929
3251
4594
4609
3271
4228
4022
4180
7013
6314
3989
3314
3532
2926
4884
4962
5725
7326
4368
3083
4325
4260
3479
3318
5571
3812
3399
4962
3469
5389
7018
8183
5270
4045
4385
4282
5332
4623
4243
4235
3606
2967
4495
4138
4536
4730
3131
4363
4025
7213
5134
4348
2460
8459
4571
4593
4495
6242
4062
7431
4753
4245
4453
4750
4401
4170
3015
3882
4240
4353
4125
3897
4811
4611
4025
4241
4686
3246
7194
4453
4436
4862
3391
4028
3421
4220
3425
4448
4425
4250
4398
4936
4145
4075
3777
8117
4704
4223
4824
3589
6163
7332
3515
4726
4208
4438
3110
4308
8816
6564
7887
3913
7148
5858
3264
4123
6878
5380
3791
6740
3994
4879
3731
4126
4581
5397
3151
3947
5763
5237
7522
7003
3516
4694
3306
4018
3704
3439
3546
6230
4087
3379
4085
4438
4786
4686
3979
4333
4192
3751
4296
4036
7772
4641
7025
5013
3650
5906
6908
4837
7852
5160
4183
4318
4073
4554
3046
3288
4253
4138
3908
3326
4048
4049
3324
3168
3514
5006
4305
4593
4143
4611
5299
4235
4707
3649
4599
8761
5115
6755
3872
4772
3419
4318
2162
4563
4318
5034
5122
3139
4346
3383
3865
6440
2562
3116
4140
7089
3319
4341
5257
4824
3659
4899
4393
2938
3837
4206
5518
4719
7448
7048
4754
7356
5994
4706
5683
4192
4423
3010
4133
4490
4290
4676
4141
4154
3924
5305
3436
7060
4636
4177
4599
7695
6752
4235
4368
3223
4255
6865
4659
3982
3359
4594
4110
7423
3489
3647
3269
4315
6540
4247
3674
5014
3993
4351
3940
4235
5139
3960
3985
4137
7579
4501
6895
4363
4879
4803
4443
4305
4068
4523
4155
4312
3138
4017
4218
4025
3263
4083
3932
3723
4419
3133
4163
78761
3309
4153
7727
4558
4738
4093
4288
4293
67201
3226
3602
6730
6515
3518
3053
4331
4178
3156
4263
4222
4318
4002
3073
4220
3905
4648
4488
4558
4288
4104
3859
4344
3767
7478
6635
7677
4210
7020
4103
4343
3754
4160
4982
6051
4003
4180
4190
3945
4405
4045
3186
7408
4561
3479
4406
4167
3637
6228
6897
5147
5201
3995
4168
3050
3603
3772
4275
3121
3051
4238
5192
3950
3930
3334
4032
3835
5071
2136
2702
4052
4571
3717
4122
7113
6535
3467
8659
5998
3964
4368
8102
3443
6380
6865
4550
4723
3630
4563
3638
2367
4348
3822
3964
2967
4025
3503
7263
8228
6539
3155
3417
3649
3644
4056
6688
4591
6552
3048
3158
7912
3286
3406
4075
4606
6169
6932
4385
6910
6745
4248
4872
4115
3784
4909
7724
8874
4115
4949
4551
4265
8267
4005
4706
4631
4323
3967
4333
3504
5039
3949
4187
4351
3286
4366
6284
4212
3171
4371
4649
4486
7208
5355
9703
3756
4160
3366
3829
3875
6795
4375
4235
4444
5373
4421
4052
5395
4822
4578
6612
3994
4348
4734
4297
4002
3950
4251
4263
3427
3855
3646
6038
3830
3857
3904
4205
3882
3895
3870
4251
4047
3927
4300
5012
4057
4308
4426
2692
4333
6384
4507
4556
5092
3351
5759
3261
3944
3767
4123
7628
3418
4027
3939
3749
3995
4238
3060
3574
5395
3787
8141
4891
2983
8118
4335
6339
7601
4831
5032
5452
3875
4923
6560
3727
4646
3669
4926
5340
5200
7133
4474
3604
7432
3650
4551
3642
4348
3522
4463
6815
4470
3939
8728
4205
3725
4376
4213
4513
4143
4633
3463
3131
4358
4596
4631
4331
3995
7887
6920
4763
8235
4265
3204
4376
5025
4102
4561
4004
4535
4689
4566
4081
4177
3218
3329
3912
3190
6081
4848
7371
7626
4201
4863
4464
3181
4438
4365
4208
4113
3173
3947
4448
4365
4318
3150
4238
4215
3917
4318
4606
4551
3164
4248
3522
4252
6925
7476
3479
8501
6524
4232
4771
4769
4778
4195
3952
4058
4687
7303
3406
6124
3644
4263
4099
4428
4035
4096
7424
6507
7518
6608
6772
4328
4290
6655
3499
5155
3872
4125
3262
3940
4165
4495
4746
5174
3632
5152
7934
4686
5356
121520
4663
4784
3522
5245
7396
3744
4236
3123
4777
6310
7849
4398
4999
4240
4513
4701
5172
4854
7070
4631
4556
8310
7481
4997
3139
6251
3203
6349
4855
4110
4458
4030
4153
4557
3780
4321
6294
3972
6762
4895
4700
4104
4418
4525
7397
6410
4100
3572
7627
7441
7423
5312
5064
4817
5879
6749
5120
4228
4563
4759
3986
3113
4724
4605
7428
4203
6131
4799
4193
3747
3344
4403
3451
4166
3867
3998
3741
4265
5515
8105
4558
4736
4844
4108
4453
4340
4142
3121
6509
3757
7233
3529
8466
3681
3015
7501
6497
3185
4453
4408
5069
7233
7426
3564
3376
4491
4431
4921
4857
4205
3940
3398
4235
4395
4250
7563
7008
7989
4121
5019
6607
4232
7527
4022
2474
3943
4175
4052
3975
6619
4230
4190
5046
3679
4230
3822
4147
6567
3095
3634
